actors.Ball src/images/ball.gif 16 16 400 370 -0.7071067811865475 -0.7071067811865475 10.0
actors.Paddle src/images/paddle.gif 80 16 90 600 -0.7071067811865475 -0.7071067811865475 10.0
actors.Brick src/images/brick2.gif 80 30 200 100 -0.7071067811865475 -0.7071067811865475 10.0
actors.Brick src/images/brick3.gif 80 30 300 100 -0.7071067811865475 -0.7071067811865475 10.0
actors.Brick src/images/brick4.gif 80 30 400 100 -0.7071067811865475 -0.7071067811865475 10.0
actors.Brick src/images/brick5.gif 80 30 500 100 -0.7071067811865475 -0.7071067811865475 10.0
actors.Brick src/images/brick6.gif 80 30 600 100 -0.7071067811865475 -0.7071067811865475 10.0
actors.BottomWall src/images/brick3.gif 960 16 480 666 -0.7071067811865475 -0.7071067811865475 10.0
actors.Ball src/images/ball.gif 16 16 916 76 -0.7071067811865476 0.7071067811865476 10.0
actors.Ball src/images/ball.gif 16 16 895 265 -0.7071067811865476 0.7071067811865476 10.0
actors.Ball src/images/ball.gif 16 16 694 244 -0.7071067811865476 0.7071067811865476 10.0
actors.Ball src/images/ball.gif 16 16 817 272 0.7071067811865476 0.7071067811865476 10.0
actors.Ball src/images/ball.gif 16 16 810 55 0.7071067811865476 0.7071067811865476 10.0
actors.Ball src/images/ball.gif 16 16 458 158 0.7071067811865476 -0.7071067811865476 10.0
actors.Ball src/images/ball.gif 16 16 451 166 0.7071067811865476 -0.7071067811865476 10.0
