actors.Ball src/images/ball.gif 16 16 3752 -3568 0.7071067811865476 -0.7071067811865476 10.0
actors.Paddle src/images/paddle.gif 80 16 740 600 0.7071067811865475 0.7071067811865475 0.0
actors.Brick src/images/brick2.gif 80 30 200 100 0.7071067811865475 0.7071067811865475 0.0
actors.BottomWall src/images/brick3.gif 960 16 480 666 0.7071067811865475 0.7071067811865475 0.0
actors.Ball src/images/ball.gif 16 16 -1842 -1895 -0.7071067811865476 -0.7071067811865476 10.0
actors.Ball src/images/ball.gif 16 16 -750 -803 -0.7071067811865476 -0.7071067811865476 10.0
actors.Ball src/images/ball.gif 16 16 -3151 -3204 -0.7071067811865476 -0.7071067811865476 10.0
actors.Ball src/images/ball.gif 16 16 -2099 -2947 -0.7071067811865476 -0.7071067811865476 10.0
actors.Ball src/images/ball.gif 16 16 3893 -2954 0.7071067811865476 -0.7071067811865476 10.0
actors.Ball src/images/ball.gif 16 16 -2962 -3015 -0.7071067811865476 -0.7071067811865476 10.0
actors.Ball src/images/ball.gif 16 16 -1958 -2758 -0.7071067811865476 -0.7071067811865476 10.0
actors.Ball src/images/ball.gif 16 16 1907 1577 0.7071067811865476 0.7071067811865476 10.0
actors.Ball src/images/ball.gif 16 16 -2773 -2826 -0.7071067811865476 -0.7071067811865476 10.0
actors.Ball src/images/ball.gif 16 16 1788 1458 0.7071067811865476 0.7071067811865476 10.0
actors.Ball src/images/ball.gif 16 16 -2654 -2707 -0.7071067811865476 -0.7071067811865476 10.0
actors.Ball src/images/ball.gif 16 16 -1597 -1650 -0.7071067811865476 -0.7071067811865476 10.0
actors.Ball src/images/ball.gif 16 16 -2479 -2532 -0.7071067811865476 -0.7071067811865476 10.0
actors.Ball src/images/ball.gif 16 16 -1610 -2226 -0.7071067811865476 -0.7071067811865476 10.0
actors.Ball src/images/ball.gif 16 16 -1149 -1202 -0.7071067811865476 -0.7071067811865476 10.0
actors.Ball src/images/ball.gif 16 16 -2241 -2294 -0.7071067811865476 -0.7071067811865476 10.0
actors.Ball src/images/ball.gif 16 16 275 60 0.7071067811865476 -0.7071067811865476 10.0
actors.Ball src/images/ball.gif 16 16 -1037 -1090 -0.7071067811865476 -0.7071067811865476 10.0
