actors.Wall src/images/wall.jpg 100 650 699 325 NaN NaN 0.0
actors.LeftWall src/images/wall.jpg 100 650 287 325 NaN NaN 0.0
actors.BottomWall src/images/brick3.gif 960 36 480 642 0.7071067811865475 0.7071067811865475 0.0
actors.Block src/images/tetrissblock.gif 26 26 350 611 0.7071067811865475 0.7071067811865475 0.0
actors.Block src/images/tetrissblock.gif 26 26 376 585 0.7071067811865475 0.7071067811865475 0.0
actors.Block src/images/tetrissblock.gif 26 26 376 611 0.7071067811865475 0.7071067811865475 0.0
actors.Block src/images/tetrissblock.gif 26 26 402 585 0.7071067811865475 0.7071067811865475 0.0
actors.Block src/images/tetristblock.gif 26 26 428 611 0.7071067811865475 0.7071067811865475 0.0
actors.Block src/images/tetristblock.gif 26 26 454 585 0.7071067811865475 0.7071067811865475 0.0
actors.Block src/images/tetristblock.gif 26 26 454 611 0.7071067811865475 0.7071067811865475 0.0
actors.Block src/images/tetristblock.gif 26 26 480 611 0.7071067811865475 0.7071067811865475 0.0
actors.Block src/images/tetrisoblock.gif 26 26 506 585 0.7071067811865475 0.7071067811865475 0.0
actors.Block src/images/tetrisoblock.gif 26 26 506 611 0.7071067811865475 0.7071067811865475 0.0
actors.Block src/images/tetrisoblock.gif 26 26 532 585 0.7071067811865475 0.7071067811865475 0.0
actors.Block src/images/tetrisoblock.gif 26 26 532 611 0.7071067811865475 0.7071067811865475 0.0
actors.Block src/images/tetrissblock.gif 26 26 454 533 0.7071067811865475 0.7071067811865475 0.0
actors.Block src/images/tetrissblock.gif 26 26 454 559 0.7071067811865475 0.7071067811865475 0.0
actors.Block src/images/tetrissblock.gif 26 26 480 559 0.7071067811865475 0.7071067811865475 0.0
actors.Block src/images/tetrissblock.gif 26 26 480 585 0.7071067811865475 0.7071067811865475 0.0
actors.Block src/images/tetrislblock.gif 26 26 584 611 0.7071067811865475 0.7071067811865475 0.0
actors.Block src/images/tetrislblock.gif 26 26 610 611 0.7071067811865475 0.7071067811865475 0.0
actors.Block src/images/tetrislblock.gif 26 26 636 585 0.7071067811865475 0.7071067811865475 0.0
actors.Block src/images/tetrislblock.gif 26 26 636 611 0.7071067811865475 0.7071067811865475 0.0
actors.Block src/images/tetrislblock.gif 26 26 532 559 0.7071067811865475 0.7071067811865475 0.0
actors.Block src/images/tetrislblock.gif 26 26 558 559 0.7071067811865475 0.7071067811865475 0.0
actors.Block src/images/tetrislblock.gif 26 26 558 585 0.7071067811865475 0.7071067811865475 0.0
actors.Block src/images/tetrislblock.gif 26 26 558 611 0.7071067811865475 0.7071067811865475 0.0
actors.Block src/images/tetrisiblock.gif 26 26 350 507 0.7071067811865475 0.7071067811865475 0.0
actors.Block src/images/tetrisiblock.gif 26 26 350 533 0.7071067811865475 0.7071067811865475 0.0
actors.Block src/images/tetrisiblock.gif 26 26 350 559 0.7071067811865475 0.7071067811865475 0.0
actors.Block src/images/tetrisiblock.gif 26 26 350 585 0.7071067811865475 0.7071067811865475 0.0
actors.FallingPiece src/images/tetrisspiece1.gif 78 52 415 451 0.0 1.0 5.0
