actors.Ball src/images/ball.gif 16 16 125 50 0.7071067811865476 -0.7071067811865476 10.0
actors.Paddle src/images/paddle.gif 80 16 580 600 0.7071067811865475 0.7071067811865475 0.0
actors.Brick src/images/brick2.gif 80 30 200 100 0.7071067811865475 0.7071067811865475 0.0
actors.Brick src/images/brick3.gif 80 30 300 100 0.7071067811865475 0.7071067811865475 0.0
actors.Brick src/images/brick4.gif 80 30 400 100 0.7071067811865475 0.7071067811865475 0.0
actors.Brick src/images/brick5.gif 80 30 500 100 0.7071067811865475 0.7071067811865475 0.0
actors.Brick src/images/brick6.gif 80 30 600 100 0.7071067811865475 0.7071067811865475 0.0
actors.Brick src/images/brick7.gif 80 30 700 100 0.7071067811865475 0.7071067811865475 0.0
actors.Brick src/images/brick8.gif 80 30 800 100 0.7071067811865475 0.7071067811865475 0.0
actors.BottomWall src/images/brick3.gif 960 16 480 666 0.7071067811865476 0.7071067811865476 0.0
actors.BottomWall src/images/brick3.gif 960 16 480 666 0.7071067811865475 0.7071067811865475 0.0
update
actors.Ball src/images/ball.gif 16 16 132 42 0.7071067811865476 -0.7071067811865476 10.0
actors.Paddle src/images/paddle.gif 80 16 580 600 0.7071067811865475 0.7071067811865475 0.0
actors.Brick src/images/brick2.gif 80 30 200 100 0.7071067811865475 0.7071067811865475 0.0
actors.Brick src/images/brick3.gif 80 30 300 100 0.7071067811865475 0.7071067811865475 0.0
actors.Brick src/images/brick4.gif 80 30 400 100 0.7071067811865475 0.7071067811865475 0.0
actors.Brick src/images/brick5.gif 80 30 500 100 0.7071067811865475 0.7071067811865475 0.0
actors.Brick src/images/brick6.gif 80 30 600 100 0.7071067811865475 0.7071067811865475 0.0
actors.Brick src/images/brick7.gif 80 30 700 100 0.7071067811865475 0.7071067811865475 0.0
actors.Brick src/images/brick8.gif 80 30 800 100 0.7071067811865475 0.7071067811865475 0.0
actors.BottomWall src/images/brick3.gif 960 16 480 666 0.7071067811865476 0.7071067811865476 0.0
actors.BottomWall src/images/brick3.gif 960 16 480 666 0.7071067811865475 0.7071067811865475 0.0
update
actors.Ball src/images/ball.gif 16 16 139 34 0.7071067811865476 -0.7071067811865476 10.0
actors.Paddle src/images/paddle.gif 80 16 580 600 0.7071067811865475 0.7071067811865475 0.0
actors.Brick src/images/brick2.gif 80 30 200 100 0.7071067811865475 0.7071067811865475 0.0
actors.Brick src/images/brick3.gif 80 30 300 100 0.7071067811865475 0.7071067811865475 0.0
actors.Brick src/images/brick4.gif 80 30 400 100 0.7071067811865475 0.7071067811865475 0.0
actors.Brick src/images/brick5.gif 80 30 500 100 0.7071067811865475 0.7071067811865475 0.0
actors.Brick src/images/brick6.gif 80 30 600 100 0.7071067811865475 0.7071067811865475 0.0
actors.Brick src/images/brick7.gif 80 30 700 100 0.7071067811865475 0.7071067811865475 0.0
actors.Brick src/images/brick8.gif 80 30 800 100 0.7071067811865475 0.7071067811865475 0.0
actors.BottomWall src/images/brick3.gif 960 16 480 666 0.7071067811865476 0.7071067811865476 0.0
actors.BottomWall src/images/brick3.gif 960 16 480 666 0.7071067811865475 0.7071067811865475 0.0
update
actors.Ball src/images/ball.gif 16 16 146 26 0.7071067811865476 -0.7071067811865476 10.0
actors.Paddle src/images/paddle.gif 80 16 580 600 0.7071067811865475 0.7071067811865475 0.0
actors.Brick src/images/brick2.gif 80 30 200 100 0.7071067811865475 0.7071067811865475 0.0
actors.Brick src/images/brick3.gif 80 30 300 100 0.7071067811865475 0.7071067811865475 0.0
actors.Brick src/images/brick4.gif 80 30 400 100 0.7071067811865475 0.7071067811865475 0.0
actors.Brick src/images/brick5.gif 80 30 500 100 0.7071067811865475 0.7071067811865475 0.0
actors.Brick src/images/brick6.gif 80 30 600 100 0.7071067811865475 0.7071067811865475 0.0
actors.Brick src/images/brick7.gif 80 30 700 100 0.7071067811865475 0.7071067811865475 0.0
actors.Brick src/images/brick8.gif 80 30 800 100 0.7071067811865475 0.7071067811865475 0.0
actors.BottomWall src/images/brick3.gif 960 16 480 666 0.7071067811865476 0.7071067811865476 0.0
actors.BottomWall src/images/brick3.gif 960 16 480 666 0.7071067811865475 0.7071067811865475 0.0
update
actors.Ball src/images/ball.gif 16 16 153 18 0.7071067811865476 -0.7071067811865476 10.0
actors.Paddle src/images/paddle.gif 80 16 580 600 0.7071067811865475 0.7071067811865475 0.0
actors.Brick src/images/brick2.gif 80 30 200 100 0.7071067811865475 0.7071067811865475 0.0
actors.Brick src/images/brick3.gif 80 30 300 100 0.7071067811865475 0.7071067811865475 0.0
actors.Brick src/images/brick4.gif 80 30 400 100 0.7071067811865475 0.7071067811865475 0.0
actors.Brick src/images/brick5.gif 80 30 500 100 0.7071067811865475 0.7071067811865475 0.0
actors.Brick src/images/brick6.gif 80 30 600 100 0.7071067811865475 0.7071067811865475 0.0
actors.Brick src/images/brick7.gif 80 30 700 100 0.7071067811865475 0.7071067811865475 0.0
actors.Brick src/images/brick8.gif 80 30 800 100 0.7071067811865475 0.7071067811865475 0.0
actors.BottomWall src/images/brick3.gif 960 16 480 666 0.7071067811865476 0.7071067811865476 0.0
actors.BottomWall src/images/brick3.gif 960 16 480 666 0.7071067811865475 0.7071067811865475 0.0
update
actors.Ball src/images/ball.gif 16 16 160 10 0.7071067811865476 -0.7071067811865476 10.0
actors.Paddle src/images/paddle.gif 80 16 580 600 0.7071067811865475 0.7071067811865475 0.0
actors.Brick src/images/brick2.gif 80 30 200 100 0.7071067811865475 0.7071067811865475 0.0
actors.Brick src/images/brick3.gif 80 30 300 100 0.7071067811865475 0.7071067811865475 0.0
actors.Brick src/images/brick4.gif 80 30 400 100 0.7071067811865475 0.7071067811865475 0.0
actors.Brick src/images/brick5.gif 80 30 500 100 0.7071067811865475 0.7071067811865475 0.0
actors.Brick src/images/brick6.gif 80 30 600 100 0.7071067811865475 0.7071067811865475 0.0
actors.Brick src/images/brick7.gif 80 30 700 100 0.7071067811865475 0.7071067811865475 0.0
actors.Brick src/images/brick8.gif 80 30 800 100 0.7071067811865475 0.7071067811865475 0.0
actors.BottomWall src/images/brick3.gif 960 16 480 666 0.7071067811865476 0.7071067811865476 0.0
actors.BottomWall src/images/brick3.gif 960 16 480 666 0.7071067811865475 0.7071067811865475 0.0
update
actors.Ball src/images/ball.gif 16 16 159 -5 -0.7071067811865476 -0.7071067811865476 10.0
actors.Paddle src/images/paddle.gif 80 16 580 600 0.7071067811865475 0.7071067811865475 0.0
actors.Brick src/images/brick2.gif 80 30 200 100 0.7071067811865475 0.7071067811865475 0.0
actors.Brick src/images/brick3.gif 80 30 300 100 0.7071067811865475 0.7071067811865475 0.0
actors.Brick src/images/brick4.gif 80 30 400 100 0.7071067811865475 0.7071067811865475 0.0
actors.Brick src/images/brick5.gif 80 30 500 100 0.7071067811865475 0.7071067811865475 0.0
actors.Brick src/images/brick6.gif 80 30 600 100 0.7071067811865475 0.7071067811865475 0.0
actors.Brick src/images/brick7.gif 80 30 700 100 0.7071067811865475 0.7071067811865475 0.0
actors.Brick src/images/brick8.gif 80 30 800 100 0.7071067811865475 0.7071067811865475 0.0
actors.BottomWall src/images/brick3.gif 960 16 480 666 0.7071067811865476 0.7071067811865476 0.0
actors.BottomWall src/images/brick3.gif 960 16 480 666 0.7071067811865475 0.7071067811865475 0.0
update
actors.Ball src/images/ball.gif 16 16 158 -19 0.7071067811865476 -0.7071067811865476 10.0
actors.Paddle src/images/paddle.gif 80 16 580 600 0.7071067811865475 0.7071067811865475 0.0
actors.Brick src/images/brick2.gif 80 30 200 100 0.7071067811865475 0.7071067811865475 0.0
actors.Brick src/images/brick3.gif 80 30 300 100 0.7071067811865475 0.7071067811865475 0.0
actors.Brick src/images/brick4.gif 80 30 400 100 0.7071067811865475 0.7071067811865475 0.0
actors.Brick src/images/brick5.gif 80 30 500 100 0.7071067811865475 0.7071067811865475 0.0
actors.Brick src/images/brick6.gif 80 30 600 100 0.7071067811865475 0.7071067811865475 0.0
actors.Brick src/images/brick7.gif 80 30 700 100 0.7071067811865475 0.7071067811865475 0.0
actors.Brick src/images/brick8.gif 80 30 800 100 0.7071067811865475 0.7071067811865475 0.0
actors.BottomWall src/images/brick3.gif 960 16 480 666 0.7071067811865476 0.7071067811865476 0.0
actors.BottomWall src/images/brick3.gif 960 16 480 666 0.7071067811865475 0.7071067811865475 0.0
update
actors.Ball src/images/ball.gif 16 16 165 -26 0.7071067811865476 -0.7071067811865476 10.0
actors.Paddle src/images/paddle.gif 80 16 580 600 0.7071067811865475 0.7071067811865475 0.0
actors.Brick src/images/brick2.gif 80 30 200 100 0.7071067811865475 0.7071067811865475 0.0
actors.Brick src/images/brick3.gif 80 30 300 100 0.7071067811865475 0.7071067811865475 0.0
actors.Brick src/images/brick4.gif 80 30 400 100 0.7071067811865475 0.7071067811865475 0.0
actors.Brick src/images/brick5.gif 80 30 500 100 0.7071067811865475 0.7071067811865475 0.0
actors.Brick src/images/brick6.gif 80 30 600 100 0.7071067811865475 0.7071067811865475 0.0
actors.Brick src/images/brick7.gif 80 30 700 100 0.7071067811865475 0.7071067811865475 0.0
actors.Brick src/images/brick8.gif 80 30 800 100 0.7071067811865475 0.7071067811865475 0.0
actors.BottomWall src/images/brick3.gif 960 16 480 666 0.7071067811865476 0.7071067811865476 0.0
actors.BottomWall src/images/brick3.gif 960 16 480 666 0.7071067811865475 0.7071067811865475 0.0
update
actors.Ball src/images/ball.gif 16 16 172 -33 0.7071067811865476 -0.7071067811865476 10.0
actors.Paddle src/images/paddle.gif 80 16 580 600 0.7071067811865475 0.7071067811865475 0.0
actors.Brick src/images/brick2.gif 80 30 200 100 0.7071067811865475 0.7071067811865475 0.0
actors.Brick src/images/brick3.gif 80 30 300 100 0.7071067811865475 0.7071067811865475 0.0
actors.Brick src/images/brick4.gif 80 30 400 100 0.7071067811865475 0.7071067811865475 0.0
actors.Brick src/images/brick5.gif 80 30 500 100 0.7071067811865475 0.7071067811865475 0.0
actors.Brick src/images/brick6.gif 80 30 600 100 0.7071067811865475 0.7071067811865475 0.0
actors.Brick src/images/brick7.gif 80 30 700 100 0.7071067811865475 0.7071067811865475 0.0
actors.Brick src/images/brick8.gif 80 30 800 100 0.7071067811865475 0.7071067811865475 0.0
actors.BottomWall src/images/brick3.gif 960 16 480 666 0.7071067811865476 0.7071067811865476 0.0
actors.BottomWall src/images/brick3.gif 960 16 480 666 0.7071067811865475 0.7071067811865475 0.0
update
actors.Ball src/images/ball.gif 16 16 179 -40 0.7071067811865476 -0.7071067811865476 10.0
actors.Paddle src/images/paddle.gif 80 16 580 600 0.7071067811865475 0.7071067811865475 0.0
actors.Brick src/images/brick2.gif 80 30 200 100 0.7071067811865475 0.7071067811865475 0.0
actors.Brick src/images/brick3.gif 80 30 300 100 0.7071067811865475 0.7071067811865475 0.0
actors.Brick src/images/brick4.gif 80 30 400 100 0.7071067811865475 0.7071067811865475 0.0
actors.Brick src/images/brick5.gif 80 30 500 100 0.7071067811865475 0.7071067811865475 0.0
actors.Brick src/images/brick6.gif 80 30 600 100 0.7071067811865475 0.7071067811865475 0.0
actors.Brick src/images/brick7.gif 80 30 700 100 0.7071067811865475 0.7071067811865475 0.0
actors.Brick src/images/brick8.gif 80 30 800 100 0.7071067811865475 0.7071067811865475 0.0
actors.BottomWall src/images/brick3.gif 960 16 480 666 0.7071067811865476 0.7071067811865476 0.0
actors.BottomWall src/images/brick3.gif 960 16 480 666 0.7071067811865475 0.7071067811865475 0.0
update
actors.Ball src/images/ball.gif 16 16 186 -47 0.7071067811865476 -0.7071067811865476 10.0
actors.Paddle src/images/paddle.gif 80 16 580 600 0.7071067811865475 0.7071067811865475 0.0
actors.Brick src/images/brick2.gif 80 30 200 100 0.7071067811865475 0.7071067811865475 0.0
actors.Brick src/images/brick3.gif 80 30 300 100 0.7071067811865475 0.7071067811865475 0.0
actors.Brick src/images/brick4.gif 80 30 400 100 0.7071067811865475 0.7071067811865475 0.0
actors.Brick src/images/brick5.gif 80 30 500 100 0.7071067811865475 0.7071067811865475 0.0
actors.Brick src/images/brick6.gif 80 30 600 100 0.7071067811865475 0.7071067811865475 0.0
actors.Brick src/images/brick7.gif 80 30 700 100 0.7071067811865475 0.7071067811865475 0.0
actors.Brick src/images/brick8.gif 80 30 800 100 0.7071067811865475 0.7071067811865475 0.0
actors.BottomWall src/images/brick3.gif 960 16 480 666 0.7071067811865476 0.7071067811865476 0.0
actors.BottomWall src/images/brick3.gif 960 16 480 666 0.7071067811865475 0.7071067811865475 0.0
update
actors.Ball src/images/ball.gif 16 16 193 -54 0.7071067811865476 -0.7071067811865476 10.0
actors.Paddle src/images/paddle.gif 80 16 580 600 0.7071067811865475 0.7071067811865475 0.0
actors.Brick src/images/brick2.gif 80 30 200 100 0.7071067811865475 0.7071067811865475 0.0
actors.Brick src/images/brick3.gif 80 30 300 100 0.7071067811865475 0.7071067811865475 0.0
actors.Brick src/images/brick4.gif 80 30 400 100 0.7071067811865475 0.7071067811865475 0.0
actors.Brick src/images/brick5.gif 80 30 500 100 0.7071067811865475 0.7071067811865475 0.0
actors.Brick src/images/brick6.gif 80 30 600 100 0.7071067811865475 0.7071067811865475 0.0
actors.Brick src/images/brick7.gif 80 30 700 100 0.7071067811865475 0.7071067811865475 0.0
actors.Brick src/images/brick8.gif 80 30 800 100 0.7071067811865475 0.7071067811865475 0.0
actors.BottomWall src/images/brick3.gif 960 16 480 666 0.7071067811865476 0.7071067811865476 0.0
actors.BottomWall src/images/brick3.gif 960 16 480 666 0.7071067811865475 0.7071067811865475 0.0
update
actors.Ball src/images/ball.gif 16 16 200 -61 0.7071067811865476 -0.7071067811865476 10.0
actors.Paddle src/images/paddle.gif 80 16 580 600 0.7071067811865475 0.7071067811865475 0.0
actors.Brick src/images/brick2.gif 80 30 200 100 0.7071067811865475 0.7071067811865475 0.0
actors.Brick src/images/brick3.gif 80 30 300 100 0.7071067811865475 0.7071067811865475 0.0
actors.Brick src/images/brick4.gif 80 30 400 100 0.7071067811865475 0.7071067811865475 0.0
actors.Brick src/images/brick5.gif 80 30 500 100 0.7071067811865475 0.7071067811865475 0.0
actors.Brick src/images/brick6.gif 80 30 600 100 0.7071067811865475 0.7071067811865475 0.0
actors.Brick src/images/brick7.gif 80 30 700 100 0.7071067811865475 0.7071067811865475 0.0
actors.Brick src/images/brick8.gif 80 30 800 100 0.7071067811865475 0.7071067811865475 0.0
actors.BottomWall src/images/brick3.gif 960 16 480 666 0.7071067811865476 0.7071067811865476 0.0
actors.BottomWall src/images/brick3.gif 960 16 480 666 0.7071067811865475 0.7071067811865475 0.0
update
actors.Ball src/images/ball.gif 16 16 207 -68 0.7071067811865476 -0.7071067811865476 10.0
actors.Paddle src/images/paddle.gif 80 16 580 600 0.7071067811865475 0.7071067811865475 0.0
actors.Brick src/images/brick2.gif 80 30 200 100 0.7071067811865475 0.7071067811865475 0.0
actors.Brick src/images/brick3.gif 80 30 300 100 0.7071067811865475 0.7071067811865475 0.0
actors.Brick src/images/brick4.gif 80 30 400 100 0.7071067811865475 0.7071067811865475 0.0
actors.Brick src/images/brick5.gif 80 30 500 100 0.7071067811865475 0.7071067811865475 0.0
actors.Brick src/images/brick6.gif 80 30 600 100 0.7071067811865475 0.7071067811865475 0.0
actors.Brick src/images/brick7.gif 80 30 700 100 0.7071067811865475 0.7071067811865475 0.0
actors.Brick src/images/brick8.gif 80 30 800 100 0.7071067811865475 0.7071067811865475 0.0
actors.BottomWall src/images/brick3.gif 960 16 480 666 0.7071067811865476 0.7071067811865476 0.0
actors.BottomWall src/images/brick3.gif 960 16 480 666 0.7071067811865475 0.7071067811865475 0.0
update
actors.Ball src/images/ball.gif 16 16 214 -75 0.7071067811865476 -0.7071067811865476 10.0
actors.Paddle src/images/paddle.gif 80 16 580 600 0.7071067811865475 0.7071067811865475 0.0
actors.Brick src/images/brick2.gif 80 30 200 100 0.7071067811865475 0.7071067811865475 0.0
actors.Brick src/images/brick3.gif 80 30 300 100 0.7071067811865475 0.7071067811865475 0.0
actors.Brick src/images/brick4.gif 80 30 400 100 0.7071067811865475 0.7071067811865475 0.0
actors.Brick src/images/brick5.gif 80 30 500 100 0.7071067811865475 0.7071067811865475 0.0
actors.Brick src/images/brick6.gif 80 30 600 100 0.7071067811865475 0.7071067811865475 0.0
actors.Brick src/images/brick7.gif 80 30 700 100 0.7071067811865475 0.7071067811865475 0.0
actors.Brick src/images/brick8.gif 80 30 800 100 0.7071067811865475 0.7071067811865475 0.0
actors.BottomWall src/images/brick3.gif 960 16 480 666 0.7071067811865476 0.7071067811865476 0.0
actors.BottomWall src/images/brick3.gif 960 16 480 666 0.7071067811865475 0.7071067811865475 0.0
update
actors.Ball src/images/ball.gif 16 16 221 -82 0.7071067811865476 -0.7071067811865476 10.0
actors.Paddle src/images/paddle.gif 80 16 580 600 0.7071067811865475 0.7071067811865475 0.0
actors.Brick src/images/brick2.gif 80 30 200 100 0.7071067811865475 0.7071067811865475 0.0
actors.Brick src/images/brick3.gif 80 30 300 100 0.7071067811865475 0.7071067811865475 0.0
actors.Brick src/images/brick4.gif 80 30 400 100 0.7071067811865475 0.7071067811865475 0.0
actors.Brick src/images/brick5.gif 80 30 500 100 0.7071067811865475 0.7071067811865475 0.0
actors.Brick src/images/brick6.gif 80 30 600 100 0.7071067811865475 0.7071067811865475 0.0
actors.Brick src/images/brick7.gif 80 30 700 100 0.7071067811865475 0.7071067811865475 0.0
actors.Brick src/images/brick8.gif 80 30 800 100 0.7071067811865475 0.7071067811865475 0.0
actors.BottomWall src/images/brick3.gif 960 16 480 666 0.7071067811865476 0.7071067811865476 0.0
actors.BottomWall src/images/brick3.gif 960 16 480 666 0.7071067811865475 0.7071067811865475 0.0
update
actors.Ball src/images/ball.gif 16 16 228 -89 0.7071067811865476 -0.7071067811865476 10.0
actors.Paddle src/images/paddle.gif 80 16 580 600 0.7071067811865475 0.7071067811865475 0.0
actors.Brick src/images/brick2.gif 80 30 200 100 0.7071067811865475 0.7071067811865475 0.0
actors.Brick src/images/brick3.gif 80 30 300 100 0.7071067811865475 0.7071067811865475 0.0
actors.Brick src/images/brick4.gif 80 30 400 100 0.7071067811865475 0.7071067811865475 0.0
actors.Brick src/images/brick5.gif 80 30 500 100 0.7071067811865475 0.7071067811865475 0.0
actors.Brick src/images/brick6.gif 80 30 600 100 0.7071067811865475 0.7071067811865475 0.0
actors.Brick src/images/brick7.gif 80 30 700 100 0.7071067811865475 0.7071067811865475 0.0
actors.Brick src/images/brick8.gif 80 30 800 100 0.7071067811865475 0.7071067811865475 0.0
actors.BottomWall src/images/brick3.gif 960 16 480 666 0.7071067811865476 0.7071067811865476 0.0
actors.BottomWall src/images/brick3.gif 960 16 480 666 0.7071067811865475 0.7071067811865475 0.0
update
actors.Ball src/images/ball.gif 16 16 235 -96 0.7071067811865476 -0.7071067811865476 10.0
actors.Paddle src/images/paddle.gif 80 16 580 600 0.7071067811865475 0.7071067811865475 0.0
actors.Brick src/images/brick2.gif 80 30 200 100 0.7071067811865475 0.7071067811865475 0.0
actors.Brick src/images/brick3.gif 80 30 300 100 0.7071067811865475 0.7071067811865475 0.0
actors.Brick src/images/brick4.gif 80 30 400 100 0.7071067811865475 0.7071067811865475 0.0
actors.Brick src/images/brick5.gif 80 30 500 100 0.7071067811865475 0.7071067811865475 0.0
actors.Brick src/images/brick6.gif 80 30 600 100 0.7071067811865475 0.7071067811865475 0.0
actors.Brick src/images/brick7.gif 80 30 700 100 0.7071067811865475 0.7071067811865475 0.0
actors.Brick src/images/brick8.gif 80 30 800 100 0.7071067811865475 0.7071067811865475 0.0
actors.BottomWall src/images/brick3.gif 960 16 480 666 0.7071067811865476 0.7071067811865476 0.0
actors.BottomWall src/images/brick3.gif 960 16 480 666 0.7071067811865475 0.7071067811865475 0.0
update
actors.Ball src/images/ball.gif 16 16 242 -103 0.7071067811865476 -0.7071067811865476 10.0
actors.Paddle src/images/paddle.gif 80 16 580 600 0.7071067811865475 0.7071067811865475 0.0
actors.Brick src/images/brick2.gif 80 30 200 100 0.7071067811865475 0.7071067811865475 0.0
actors.Brick src/images/brick3.gif 80 30 300 100 0.7071067811865475 0.7071067811865475 0.0
actors.Brick src/images/brick4.gif 80 30 400 100 0.7071067811865475 0.7071067811865475 0.0
actors.Brick src/images/brick5.gif 80 30 500 100 0.7071067811865475 0.7071067811865475 0.0
actors.Brick src/images/brick6.gif 80 30 600 100 0.7071067811865475 0.7071067811865475 0.0
actors.Brick src/images/brick7.gif 80 30 700 100 0.7071067811865475 0.7071067811865475 0.0
actors.Brick src/images/brick8.gif 80 30 800 100 0.7071067811865475 0.7071067811865475 0.0
actors.BottomWall src/images/brick3.gif 960 16 480 666 0.7071067811865476 0.7071067811865476 0.0
actors.BottomWall src/images/brick3.gif 960 16 480 666 0.7071067811865475 0.7071067811865475 0.0
update
actors.Ball src/images/ball.gif 16 16 249 -110 0.7071067811865476 -0.7071067811865476 10.0
actors.Paddle src/images/paddle.gif 80 16 580 600 0.7071067811865475 0.7071067811865475 0.0
actors.Brick src/images/brick2.gif 80 30 200 100 0.7071067811865475 0.7071067811865475 0.0
actors.Brick src/images/brick3.gif 80 30 300 100 0.7071067811865475 0.7071067811865475 0.0
actors.Brick src/images/brick4.gif 80 30 400 100 0.7071067811865475 0.7071067811865475 0.0
actors.Brick src/images/brick5.gif 80 30 500 100 0.7071067811865475 0.7071067811865475 0.0
actors.Brick src/images/brick6.gif 80 30 600 100 0.7071067811865475 0.7071067811865475 0.0
actors.Brick src/images/brick7.gif 80 30 700 100 0.7071067811865475 0.7071067811865475 0.0
actors.Brick src/images/brick8.gif 80 30 800 100 0.7071067811865475 0.7071067811865475 0.0
actors.BottomWall src/images/brick3.gif 960 16 480 666 0.7071067811865476 0.7071067811865476 0.0
actors.BottomWall src/images/brick3.gif 960 16 480 666 0.7071067811865475 0.7071067811865475 0.0
update
actors.Ball src/images/ball.gif 16 16 256 -117 0.7071067811865476 -0.7071067811865476 10.0
actors.Paddle src/images/paddle.gif 80 16 580 600 0.7071067811865475 0.7071067811865475 0.0
actors.Brick src/images/brick2.gif 80 30 200 100 0.7071067811865475 0.7071067811865475 0.0
actors.Brick src/images/brick3.gif 80 30 300 100 0.7071067811865475 0.7071067811865475 0.0
actors.Brick src/images/brick4.gif 80 30 400 100 0.7071067811865475 0.7071067811865475 0.0
actors.Brick src/images/brick5.gif 80 30 500 100 0.7071067811865475 0.7071067811865475 0.0
actors.Brick src/images/brick6.gif 80 30 600 100 0.7071067811865475 0.7071067811865475 0.0
actors.Brick src/images/brick7.gif 80 30 700 100 0.7071067811865475 0.7071067811865475 0.0
actors.Brick src/images/brick8.gif 80 30 800 100 0.7071067811865475 0.7071067811865475 0.0
actors.BottomWall src/images/brick3.gif 960 16 480 666 0.7071067811865476 0.7071067811865476 0.0
actors.BottomWall src/images/brick3.gif 960 16 480 666 0.7071067811865475 0.7071067811865475 0.0
update
actors.Ball src/images/ball.gif 16 16 263 -124 0.7071067811865476 -0.7071067811865476 10.0
actors.Paddle src/images/paddle.gif 80 16 580 600 0.7071067811865475 0.7071067811865475 0.0
actors.Brick src/images/brick2.gif 80 30 200 100 0.7071067811865475 0.7071067811865475 0.0
actors.Brick src/images/brick3.gif 80 30 300 100 0.7071067811865475 0.7071067811865475 0.0
actors.Brick src/images/brick4.gif 80 30 400 100 0.7071067811865475 0.7071067811865475 0.0
actors.Brick src/images/brick5.gif 80 30 500 100 0.7071067811865475 0.7071067811865475 0.0
actors.Brick src/images/brick6.gif 80 30 600 100 0.7071067811865475 0.7071067811865475 0.0
actors.Brick src/images/brick7.gif 80 30 700 100 0.7071067811865475 0.7071067811865475 0.0
actors.Brick src/images/brick8.gif 80 30 800 100 0.7071067811865475 0.7071067811865475 0.0
actors.BottomWall src/images/brick3.gif 960 16 480 666 0.7071067811865476 0.7071067811865476 0.0
actors.BottomWall src/images/brick3.gif 960 16 480 666 0.7071067811865475 0.7071067811865475 0.0
update
actors.Ball src/images/ball.gif 16 16 270 -131 0.7071067811865476 -0.7071067811865476 10.0
actors.Paddle src/images/paddle.gif 80 16 580 600 0.7071067811865475 0.7071067811865475 0.0
actors.Brick src/images/brick2.gif 80 30 200 100 0.7071067811865475 0.7071067811865475 0.0
actors.Brick src/images/brick3.gif 80 30 300 100 0.7071067811865475 0.7071067811865475 0.0
actors.Brick src/images/brick4.gif 80 30 400 100 0.7071067811865475 0.7071067811865475 0.0
actors.Brick src/images/brick5.gif 80 30 500 100 0.7071067811865475 0.7071067811865475 0.0
actors.Brick src/images/brick6.gif 80 30 600 100 0.7071067811865475 0.7071067811865475 0.0
actors.Brick src/images/brick7.gif 80 30 700 100 0.7071067811865475 0.7071067811865475 0.0
actors.Brick src/images/brick8.gif 80 30 800 100 0.7071067811865475 0.7071067811865475 0.0
actors.BottomWall src/images/brick3.gif 960 16 480 666 0.7071067811865476 0.7071067811865476 0.0
actors.BottomWall src/images/brick3.gif 960 16 480 666 0.7071067811865475 0.7071067811865475 0.0
update
actors.Ball src/images/ball.gif 16 16 277 -138 0.7071067811865476 -0.7071067811865476 10.0
actors.Paddle src/images/paddle.gif 80 16 580 600 0.7071067811865475 0.7071067811865475 0.0
actors.Brick src/images/brick2.gif 80 30 200 100 0.7071067811865475 0.7071067811865475 0.0
actors.Brick src/images/brick3.gif 80 30 300 100 0.7071067811865475 0.7071067811865475 0.0
actors.Brick src/images/brick4.gif 80 30 400 100 0.7071067811865475 0.7071067811865475 0.0
actors.Brick src/images/brick5.gif 80 30 500 100 0.7071067811865475 0.7071067811865475 0.0
actors.Brick src/images/brick6.gif 80 30 600 100 0.7071067811865475 0.7071067811865475 0.0
actors.Brick src/images/brick7.gif 80 30 700 100 0.7071067811865475 0.7071067811865475 0.0
actors.Brick src/images/brick8.gif 80 30 800 100 0.7071067811865475 0.7071067811865475 0.0
actors.BottomWall src/images/brick3.gif 960 16 480 666 0.7071067811865476 0.7071067811865476 0.0
actors.BottomWall src/images/brick3.gif 960 16 480 666 0.7071067811865475 0.7071067811865475 0.0
update
actors.Ball src/images/ball.gif 16 16 284 -145 0.7071067811865476 -0.7071067811865476 10.0
actors.Paddle src/images/paddle.gif 80 16 580 600 0.7071067811865475 0.7071067811865475 0.0
actors.Brick src/images/brick2.gif 80 30 200 100 0.7071067811865475 0.7071067811865475 0.0
actors.Brick src/images/brick3.gif 80 30 300 100 0.7071067811865475 0.7071067811865475 0.0
actors.Brick src/images/brick4.gif 80 30 400 100 0.7071067811865475 0.7071067811865475 0.0
actors.Brick src/images/brick5.gif 80 30 500 100 0.7071067811865475 0.7071067811865475 0.0
actors.Brick src/images/brick6.gif 80 30 600 100 0.7071067811865475 0.7071067811865475 0.0
actors.Brick src/images/brick7.gif 80 30 700 100 0.7071067811865475 0.7071067811865475 0.0
actors.Brick src/images/brick8.gif 80 30 800 100 0.7071067811865475 0.7071067811865475 0.0
actors.BottomWall src/images/brick3.gif 960 16 480 666 0.7071067811865476 0.7071067811865476 0.0
actors.BottomWall src/images/brick3.gif 960 16 480 666 0.7071067811865475 0.7071067811865475 0.0
update
actors.Ball src/images/ball.gif 16 16 291 -152 0.7071067811865476 -0.7071067811865476 10.0
actors.Paddle src/images/paddle.gif 80 16 580 600 0.7071067811865475 0.7071067811865475 0.0
actors.Brick src/images/brick2.gif 80 30 200 100 0.7071067811865475 0.7071067811865475 0.0
actors.Brick src/images/brick3.gif 80 30 300 100 0.7071067811865475 0.7071067811865475 0.0
actors.Brick src/images/brick4.gif 80 30 400 100 0.7071067811865475 0.7071067811865475 0.0
actors.Brick src/images/brick5.gif 80 30 500 100 0.7071067811865475 0.7071067811865475 0.0
actors.Brick src/images/brick6.gif 80 30 600 100 0.7071067811865475 0.7071067811865475 0.0
actors.Brick src/images/brick7.gif 80 30 700 100 0.7071067811865475 0.7071067811865475 0.0
actors.Brick src/images/brick8.gif 80 30 800 100 0.7071067811865475 0.7071067811865475 0.0
actors.BottomWall src/images/brick3.gif 960 16 480 666 0.7071067811865476 0.7071067811865476 0.0
actors.BottomWall src/images/brick3.gif 960 16 480 666 0.7071067811865475 0.7071067811865475 0.0
update
actors.Ball src/images/ball.gif 16 16 298 -159 0.7071067811865476 -0.7071067811865476 10.0
actors.Paddle src/images/paddle.gif 80 16 580 600 0.7071067811865475 0.7071067811865475 0.0
actors.Brick src/images/brick2.gif 80 30 200 100 0.7071067811865475 0.7071067811865475 0.0
actors.Brick src/images/brick3.gif 80 30 300 100 0.7071067811865475 0.7071067811865475 0.0
actors.Brick src/images/brick4.gif 80 30 400 100 0.7071067811865475 0.7071067811865475 0.0
actors.Brick src/images/brick5.gif 80 30 500 100 0.7071067811865475 0.7071067811865475 0.0
actors.Brick src/images/brick6.gif 80 30 600 100 0.7071067811865475 0.7071067811865475 0.0
actors.Brick src/images/brick7.gif 80 30 700 100 0.7071067811865475 0.7071067811865475 0.0
actors.Brick src/images/brick8.gif 80 30 800 100 0.7071067811865475 0.7071067811865475 0.0
actors.BottomWall src/images/brick3.gif 960 16 480 666 0.7071067811865476 0.7071067811865476 0.0
actors.BottomWall src/images/brick3.gif 960 16 480 666 0.7071067811865475 0.7071067811865475 0.0
update
actors.Ball src/images/ball.gif 16 16 305 -166 0.7071067811865476 -0.7071067811865476 10.0
actors.Paddle src/images/paddle.gif 80 16 580 600 0.7071067811865475 0.7071067811865475 0.0
actors.Brick src/images/brick2.gif 80 30 200 100 0.7071067811865475 0.7071067811865475 0.0
actors.Brick src/images/brick3.gif 80 30 300 100 0.7071067811865475 0.7071067811865475 0.0
actors.Brick src/images/brick4.gif 80 30 400 100 0.7071067811865475 0.7071067811865475 0.0
actors.Brick src/images/brick5.gif 80 30 500 100 0.7071067811865475 0.7071067811865475 0.0
actors.Brick src/images/brick6.gif 80 30 600 100 0.7071067811865475 0.7071067811865475 0.0
actors.Brick src/images/brick7.gif 80 30 700 100 0.7071067811865475 0.7071067811865475 0.0
actors.Brick src/images/brick8.gif 80 30 800 100 0.7071067811865475 0.7071067811865475 0.0
actors.BottomWall src/images/brick3.gif 960 16 480 666 0.7071067811865476 0.7071067811865476 0.0
actors.BottomWall src/images/brick3.gif 960 16 480 666 0.7071067811865475 0.7071067811865475 0.0
update
actors.Ball src/images/ball.gif 16 16 312 -173 0.7071067811865476 -0.7071067811865476 10.0
actors.Paddle src/images/paddle.gif 80 16 580 600 0.7071067811865475 0.7071067811865475 0.0
actors.Brick src/images/brick2.gif 80 30 200 100 0.7071067811865475 0.7071067811865475 0.0
actors.Brick src/images/brick3.gif 80 30 300 100 0.7071067811865475 0.7071067811865475 0.0
actors.Brick src/images/brick4.gif 80 30 400 100 0.7071067811865475 0.7071067811865475 0.0
actors.Brick src/images/brick5.gif 80 30 500 100 0.7071067811865475 0.7071067811865475 0.0
actors.Brick src/images/brick6.gif 80 30 600 100 0.7071067811865475 0.7071067811865475 0.0
actors.Brick src/images/brick7.gif 80 30 700 100 0.7071067811865475 0.7071067811865475 0.0
actors.Brick src/images/brick8.gif 80 30 800 100 0.7071067811865475 0.7071067811865475 0.0
actors.BottomWall src/images/brick3.gif 960 16 480 666 0.7071067811865476 0.7071067811865476 0.0
actors.BottomWall src/images/brick3.gif 960 16 480 666 0.7071067811865475 0.7071067811865475 0.0
update
actors.Ball src/images/ball.gif 16 16 319 -180 0.7071067811865476 -0.7071067811865476 10.0
actors.Paddle src/images/paddle.gif 80 16 580 600 0.7071067811865475 0.7071067811865475 0.0
actors.Brick src/images/brick2.gif 80 30 200 100 0.7071067811865475 0.7071067811865475 0.0
actors.Brick src/images/brick3.gif 80 30 300 100 0.7071067811865475 0.7071067811865475 0.0
actors.Brick src/images/brick4.gif 80 30 400 100 0.7071067811865475 0.7071067811865475 0.0
actors.Brick src/images/brick5.gif 80 30 500 100 0.7071067811865475 0.7071067811865475 0.0
actors.Brick src/images/brick6.gif 80 30 600 100 0.7071067811865475 0.7071067811865475 0.0
actors.Brick src/images/brick7.gif 80 30 700 100 0.7071067811865475 0.7071067811865475 0.0
actors.Brick src/images/brick8.gif 80 30 800 100 0.7071067811865475 0.7071067811865475 0.0
actors.BottomWall src/images/brick3.gif 960 16 480 666 0.7071067811865476 0.7071067811865476 0.0
actors.BottomWall src/images/brick3.gif 960 16 480 666 0.7071067811865475 0.7071067811865475 0.0
update
actors.Ball src/images/ball.gif 16 16 326 -187 0.7071067811865476 -0.7071067811865476 10.0
actors.Paddle src/images/paddle.gif 80 16 580 600 0.7071067811865475 0.7071067811865475 0.0
actors.Brick src/images/brick2.gif 80 30 200 100 0.7071067811865475 0.7071067811865475 0.0
actors.Brick src/images/brick3.gif 80 30 300 100 0.7071067811865475 0.7071067811865475 0.0
actors.Brick src/images/brick4.gif 80 30 400 100 0.7071067811865475 0.7071067811865475 0.0
actors.Brick src/images/brick5.gif 80 30 500 100 0.7071067811865475 0.7071067811865475 0.0
actors.Brick src/images/brick6.gif 80 30 600 100 0.7071067811865475 0.7071067811865475 0.0
actors.Brick src/images/brick7.gif 80 30 700 100 0.7071067811865475 0.7071067811865475 0.0
actors.Brick src/images/brick8.gif 80 30 800 100 0.7071067811865475 0.7071067811865475 0.0
actors.BottomWall src/images/brick3.gif 960 16 480 666 0.7071067811865476 0.7071067811865476 0.0
actors.BottomWall src/images/brick3.gif 960 16 480 666 0.7071067811865475 0.7071067811865475 0.0
update
actors.Ball src/images/ball.gif 16 16 333 -194 0.7071067811865476 -0.7071067811865476 10.0
actors.Paddle src/images/paddle.gif 80 16 580 600 0.7071067811865475 0.7071067811865475 0.0
actors.Brick src/images/brick2.gif 80 30 200 100 0.7071067811865475 0.7071067811865475 0.0
actors.Brick src/images/brick3.gif 80 30 300 100 0.7071067811865475 0.7071067811865475 0.0
actors.Brick src/images/brick4.gif 80 30 400 100 0.7071067811865475 0.7071067811865475 0.0
actors.Brick src/images/brick5.gif 80 30 500 100 0.7071067811865475 0.7071067811865475 0.0
actors.Brick src/images/brick6.gif 80 30 600 100 0.7071067811865475 0.7071067811865475 0.0
actors.Brick src/images/brick7.gif 80 30 700 100 0.7071067811865475 0.7071067811865475 0.0
actors.Brick src/images/brick8.gif 80 30 800 100 0.7071067811865475 0.7071067811865475 0.0
actors.BottomWall src/images/brick3.gif 960 16 480 666 0.7071067811865476 0.7071067811865476 0.0
actors.BottomWall src/images/brick3.gif 960 16 480 666 0.7071067811865475 0.7071067811865475 0.0
update
actors.Ball src/images/ball.gif 16 16 340 -201 0.7071067811865476 -0.7071067811865476 10.0
actors.Paddle src/images/paddle.gif 80 16 580 600 0.7071067811865475 0.7071067811865475 0.0
actors.Brick src/images/brick2.gif 80 30 200 100 0.7071067811865475 0.7071067811865475 0.0
actors.Brick src/images/brick3.gif 80 30 300 100 0.7071067811865475 0.7071067811865475 0.0
actors.Brick src/images/brick4.gif 80 30 400 100 0.7071067811865475 0.7071067811865475 0.0
actors.Brick src/images/brick5.gif 80 30 500 100 0.7071067811865475 0.7071067811865475 0.0
actors.Brick src/images/brick6.gif 80 30 600 100 0.7071067811865475 0.7071067811865475 0.0
actors.Brick src/images/brick7.gif 80 30 700 100 0.7071067811865475 0.7071067811865475 0.0
actors.Brick src/images/brick8.gif 80 30 800 100 0.7071067811865475 0.7071067811865475 0.0
actors.BottomWall src/images/brick3.gif 960 16 480 666 0.7071067811865476 0.7071067811865476 0.0
actors.BottomWall src/images/brick3.gif 960 16 480 666 0.7071067811865475 0.7071067811865475 0.0
update
actors.Ball src/images/ball.gif 16 16 347 -208 0.7071067811865476 -0.7071067811865476 10.0
actors.Paddle src/images/paddle.gif 80 16 580 600 0.7071067811865475 0.7071067811865475 0.0
actors.Brick src/images/brick2.gif 80 30 200 100 0.7071067811865475 0.7071067811865475 0.0
actors.Brick src/images/brick3.gif 80 30 300 100 0.7071067811865475 0.7071067811865475 0.0
actors.Brick src/images/brick4.gif 80 30 400 100 0.7071067811865475 0.7071067811865475 0.0
actors.Brick src/images/brick5.gif 80 30 500 100 0.7071067811865475 0.7071067811865475 0.0
actors.Brick src/images/brick6.gif 80 30 600 100 0.7071067811865475 0.7071067811865475 0.0
actors.Brick src/images/brick7.gif 80 30 700 100 0.7071067811865475 0.7071067811865475 0.0
actors.Brick src/images/brick8.gif 80 30 800 100 0.7071067811865475 0.7071067811865475 0.0
actors.BottomWall src/images/brick3.gif 960 16 480 666 0.7071067811865476 0.7071067811865476 0.0
actors.BottomWall src/images/brick3.gif 960 16 480 666 0.7071067811865475 0.7071067811865475 0.0
update
actors.Ball src/images/ball.gif 16 16 354 -215 0.7071067811865476 -0.7071067811865476 10.0
actors.Paddle src/images/paddle.gif 80 16 580 600 0.7071067811865475 0.7071067811865475 0.0
actors.Brick src/images/brick2.gif 80 30 200 100 0.7071067811865475 0.7071067811865475 0.0
actors.Brick src/images/brick3.gif 80 30 300 100 0.7071067811865475 0.7071067811865475 0.0
actors.Brick src/images/brick4.gif 80 30 400 100 0.7071067811865475 0.7071067811865475 0.0
actors.Brick src/images/brick5.gif 80 30 500 100 0.7071067811865475 0.7071067811865475 0.0
actors.Brick src/images/brick6.gif 80 30 600 100 0.7071067811865475 0.7071067811865475 0.0
actors.Brick src/images/brick7.gif 80 30 700 100 0.7071067811865475 0.7071067811865475 0.0
actors.Brick src/images/brick8.gif 80 30 800 100 0.7071067811865475 0.7071067811865475 0.0
actors.BottomWall src/images/brick3.gif 960 16 480 666 0.7071067811865476 0.7071067811865476 0.0
actors.BottomWall src/images/brick3.gif 960 16 480 666 0.7071067811865475 0.7071067811865475 0.0
update
actors.Ball src/images/ball.gif 16 16 361 -222 0.7071067811865476 -0.7071067811865476 10.0
actors.Paddle src/images/paddle.gif 80 16 580 600 0.7071067811865475 0.7071067811865475 0.0
actors.Brick src/images/brick2.gif 80 30 200 100 0.7071067811865475 0.7071067811865475 0.0
actors.Brick src/images/brick3.gif 80 30 300 100 0.7071067811865475 0.7071067811865475 0.0
actors.Brick src/images/brick4.gif 80 30 400 100 0.7071067811865475 0.7071067811865475 0.0
actors.Brick src/images/brick5.gif 80 30 500 100 0.7071067811865475 0.7071067811865475 0.0
actors.Brick src/images/brick6.gif 80 30 600 100 0.7071067811865475 0.7071067811865475 0.0
actors.Brick src/images/brick7.gif 80 30 700 100 0.7071067811865475 0.7071067811865475 0.0
actors.Brick src/images/brick8.gif 80 30 800 100 0.7071067811865475 0.7071067811865475 0.0
actors.BottomWall src/images/brick3.gif 960 16 480 666 0.7071067811865476 0.7071067811865476 0.0
actors.BottomWall src/images/brick3.gif 960 16 480 666 0.7071067811865475 0.7071067811865475 0.0
update
actors.Ball src/images/ball.gif 16 16 368 -229 0.7071067811865476 -0.7071067811865476 10.0
actors.Paddle src/images/paddle.gif 80 16 580 600 0.7071067811865475 0.7071067811865475 0.0
actors.Brick src/images/brick2.gif 80 30 200 100 0.7071067811865475 0.7071067811865475 0.0
actors.Brick src/images/brick3.gif 80 30 300 100 0.7071067811865475 0.7071067811865475 0.0
actors.Brick src/images/brick4.gif 80 30 400 100 0.7071067811865475 0.7071067811865475 0.0
actors.Brick src/images/brick5.gif 80 30 500 100 0.7071067811865475 0.7071067811865475 0.0
actors.Brick src/images/brick6.gif 80 30 600 100 0.7071067811865475 0.7071067811865475 0.0
actors.Brick src/images/brick7.gif 80 30 700 100 0.7071067811865475 0.7071067811865475 0.0
actors.Brick src/images/brick8.gif 80 30 800 100 0.7071067811865475 0.7071067811865475 0.0
actors.BottomWall src/images/brick3.gif 960 16 480 666 0.7071067811865476 0.7071067811865476 0.0
actors.BottomWall src/images/brick3.gif 960 16 480 666 0.7071067811865475 0.7071067811865475 0.0
update
actors.Ball src/images/ball.gif 16 16 375 -236 0.7071067811865476 -0.7071067811865476 10.0
actors.Paddle src/images/paddle.gif 80 16 580 600 0.7071067811865475 0.7071067811865475 0.0
actors.Brick src/images/brick2.gif 80 30 200 100 0.7071067811865475 0.7071067811865475 0.0
actors.Brick src/images/brick3.gif 80 30 300 100 0.7071067811865475 0.7071067811865475 0.0
actors.Brick src/images/brick4.gif 80 30 400 100 0.7071067811865475 0.7071067811865475 0.0
actors.Brick src/images/brick5.gif 80 30 500 100 0.7071067811865475 0.7071067811865475 0.0
actors.Brick src/images/brick6.gif 80 30 600 100 0.7071067811865475 0.7071067811865475 0.0
actors.Brick src/images/brick7.gif 80 30 700 100 0.7071067811865475 0.7071067811865475 0.0
actors.Brick src/images/brick8.gif 80 30 800 100 0.7071067811865475 0.7071067811865475 0.0
actors.BottomWall src/images/brick3.gif 960 16 480 666 0.7071067811865476 0.7071067811865476 0.0
actors.BottomWall src/images/brick3.gif 960 16 480 666 0.7071067811865475 0.7071067811865475 0.0
update
actors.Ball src/images/ball.gif 16 16 382 -243 0.7071067811865476 -0.7071067811865476 10.0
actors.Paddle src/images/paddle.gif 80 16 580 600 0.7071067811865475 0.7071067811865475 0.0
actors.Brick src/images/brick2.gif 80 30 200 100 0.7071067811865475 0.7071067811865475 0.0
actors.Brick src/images/brick3.gif 80 30 300 100 0.7071067811865475 0.7071067811865475 0.0
actors.Brick src/images/brick4.gif 80 30 400 100 0.7071067811865475 0.7071067811865475 0.0
actors.Brick src/images/brick5.gif 80 30 500 100 0.7071067811865475 0.7071067811865475 0.0
actors.Brick src/images/brick6.gif 80 30 600 100 0.7071067811865475 0.7071067811865475 0.0
actors.Brick src/images/brick7.gif 80 30 700 100 0.7071067811865475 0.7071067811865475 0.0
actors.Brick src/images/brick8.gif 80 30 800 100 0.7071067811865475 0.7071067811865475 0.0
actors.BottomWall src/images/brick3.gif 960 16 480 666 0.7071067811865476 0.7071067811865476 0.0
actors.BottomWall src/images/brick3.gif 960 16 480 666 0.7071067811865475 0.7071067811865475 0.0
update
actors.Ball src/images/ball.gif 16 16 389 -250 0.7071067811865476 -0.7071067811865476 10.0
actors.Paddle src/images/paddle.gif 80 16 580 600 0.7071067811865475 0.7071067811865475 0.0
actors.Brick src/images/brick2.gif 80 30 200 100 0.7071067811865475 0.7071067811865475 0.0
actors.Brick src/images/brick3.gif 80 30 300 100 0.7071067811865475 0.7071067811865475 0.0
actors.Brick src/images/brick4.gif 80 30 400 100 0.7071067811865475 0.7071067811865475 0.0
actors.Brick src/images/brick5.gif 80 30 500 100 0.7071067811865475 0.7071067811865475 0.0
actors.Brick src/images/brick6.gif 80 30 600 100 0.7071067811865475 0.7071067811865475 0.0
actors.Brick src/images/brick7.gif 80 30 700 100 0.7071067811865475 0.7071067811865475 0.0
actors.Brick src/images/brick8.gif 80 30 800 100 0.7071067811865475 0.7071067811865475 0.0
actors.BottomWall src/images/brick3.gif 960 16 480 666 0.7071067811865476 0.7071067811865476 0.0
actors.BottomWall src/images/brick3.gif 960 16 480 666 0.7071067811865475 0.7071067811865475 0.0
update
actors.Ball src/images/ball.gif 16 16 396 -257 0.7071067811865476 -0.7071067811865476 10.0
actors.Paddle src/images/paddle.gif 80 16 580 600 0.7071067811865475 0.7071067811865475 0.0
actors.Brick src/images/brick2.gif 80 30 200 100 0.7071067811865475 0.7071067811865475 0.0
actors.Brick src/images/brick3.gif 80 30 300 100 0.7071067811865475 0.7071067811865475 0.0
actors.Brick src/images/brick4.gif 80 30 400 100 0.7071067811865475 0.7071067811865475 0.0
actors.Brick src/images/brick5.gif 80 30 500 100 0.7071067811865475 0.7071067811865475 0.0
actors.Brick src/images/brick6.gif 80 30 600 100 0.7071067811865475 0.7071067811865475 0.0
actors.Brick src/images/brick7.gif 80 30 700 100 0.7071067811865475 0.7071067811865475 0.0
actors.Brick src/images/brick8.gif 80 30 800 100 0.7071067811865475 0.7071067811865475 0.0
actors.BottomWall src/images/brick3.gif 960 16 480 666 0.7071067811865476 0.7071067811865476 0.0
actors.BottomWall src/images/brick3.gif 960 16 480 666 0.7071067811865475 0.7071067811865475 0.0
update
actors.Ball src/images/ball.gif 16 16 403 -264 0.7071067811865476 -0.7071067811865476 10.0
actors.Paddle src/images/paddle.gif 80 16 580 600 0.7071067811865475 0.7071067811865475 0.0
actors.Brick src/images/brick2.gif 80 30 200 100 0.7071067811865475 0.7071067811865475 0.0
actors.Brick src/images/brick3.gif 80 30 300 100 0.7071067811865475 0.7071067811865475 0.0
actors.Brick src/images/brick4.gif 80 30 400 100 0.7071067811865475 0.7071067811865475 0.0
actors.Brick src/images/brick5.gif 80 30 500 100 0.7071067811865475 0.7071067811865475 0.0
actors.Brick src/images/brick6.gif 80 30 600 100 0.7071067811865475 0.7071067811865475 0.0
actors.Brick src/images/brick7.gif 80 30 700 100 0.7071067811865475 0.7071067811865475 0.0
actors.Brick src/images/brick8.gif 80 30 800 100 0.7071067811865475 0.7071067811865475 0.0
actors.BottomWall src/images/brick3.gif 960 16 480 666 0.7071067811865476 0.7071067811865476 0.0
actors.BottomWall src/images/brick3.gif 960 16 480 666 0.7071067811865475 0.7071067811865475 0.0
update
actors.Ball src/images/ball.gif 16 16 410 -271 0.7071067811865476 -0.7071067811865476 10.0
actors.Paddle src/images/paddle.gif 80 16 580 600 0.7071067811865475 0.7071067811865475 0.0
actors.Brick src/images/brick2.gif 80 30 200 100 0.7071067811865475 0.7071067811865475 0.0
actors.Brick src/images/brick3.gif 80 30 300 100 0.7071067811865475 0.7071067811865475 0.0
actors.Brick src/images/brick4.gif 80 30 400 100 0.7071067811865475 0.7071067811865475 0.0
actors.Brick src/images/brick5.gif 80 30 500 100 0.7071067811865475 0.7071067811865475 0.0
actors.Brick src/images/brick6.gif 80 30 600 100 0.7071067811865475 0.7071067811865475 0.0
actors.Brick src/images/brick7.gif 80 30 700 100 0.7071067811865475 0.7071067811865475 0.0
actors.Brick src/images/brick8.gif 80 30 800 100 0.7071067811865475 0.7071067811865475 0.0
actors.BottomWall src/images/brick3.gif 960 16 480 666 0.7071067811865476 0.7071067811865476 0.0
actors.BottomWall src/images/brick3.gif 960 16 480 666 0.7071067811865475 0.7071067811865475 0.0
update
actors.Ball src/images/ball.gif 16 16 417 -278 0.7071067811865476 -0.7071067811865476 10.0
actors.Paddle src/images/paddle.gif 80 16 580 600 0.7071067811865475 0.7071067811865475 0.0
actors.Brick src/images/brick2.gif 80 30 200 100 0.7071067811865475 0.7071067811865475 0.0
actors.Brick src/images/brick3.gif 80 30 300 100 0.7071067811865475 0.7071067811865475 0.0
actors.Brick src/images/brick4.gif 80 30 400 100 0.7071067811865475 0.7071067811865475 0.0
actors.Brick src/images/brick5.gif 80 30 500 100 0.7071067811865475 0.7071067811865475 0.0
actors.Brick src/images/brick6.gif 80 30 600 100 0.7071067811865475 0.7071067811865475 0.0
actors.Brick src/images/brick7.gif 80 30 700 100 0.7071067811865475 0.7071067811865475 0.0
actors.Brick src/images/brick8.gif 80 30 800 100 0.7071067811865475 0.7071067811865475 0.0
actors.BottomWall src/images/brick3.gif 960 16 480 666 0.7071067811865476 0.7071067811865476 0.0
actors.BottomWall src/images/brick3.gif 960 16 480 666 0.7071067811865475 0.7071067811865475 0.0
update
actors.Ball src/images/ball.gif 16 16 424 -285 0.7071067811865476 -0.7071067811865476 10.0
actors.Paddle src/images/paddle.gif 80 16 580 600 0.7071067811865475 0.7071067811865475 0.0
actors.Brick src/images/brick2.gif 80 30 200 100 0.7071067811865475 0.7071067811865475 0.0
actors.Brick src/images/brick3.gif 80 30 300 100 0.7071067811865475 0.7071067811865475 0.0
actors.Brick src/images/brick4.gif 80 30 400 100 0.7071067811865475 0.7071067811865475 0.0
actors.Brick src/images/brick5.gif 80 30 500 100 0.7071067811865475 0.7071067811865475 0.0
actors.Brick src/images/brick6.gif 80 30 600 100 0.7071067811865475 0.7071067811865475 0.0
actors.Brick src/images/brick7.gif 80 30 700 100 0.7071067811865475 0.7071067811865475 0.0
actors.Brick src/images/brick8.gif 80 30 800 100 0.7071067811865475 0.7071067811865475 0.0
actors.BottomWall src/images/brick3.gif 960 16 480 666 0.7071067811865476 0.7071067811865476 0.0
actors.BottomWall src/images/brick3.gif 960 16 480 666 0.7071067811865475 0.7071067811865475 0.0
update
actors.Ball src/images/ball.gif 16 16 431 -292 0.7071067811865476 -0.7071067811865476 10.0
actors.Paddle src/images/paddle.gif 80 16 580 600 0.7071067811865475 0.7071067811865475 0.0
actors.Brick src/images/brick2.gif 80 30 200 100 0.7071067811865475 0.7071067811865475 0.0
actors.Brick src/images/brick3.gif 80 30 300 100 0.7071067811865475 0.7071067811865475 0.0
actors.Brick src/images/brick4.gif 80 30 400 100 0.7071067811865475 0.7071067811865475 0.0
actors.Brick src/images/brick5.gif 80 30 500 100 0.7071067811865475 0.7071067811865475 0.0
actors.Brick src/images/brick6.gif 80 30 600 100 0.7071067811865475 0.7071067811865475 0.0
actors.Brick src/images/brick7.gif 80 30 700 100 0.7071067811865475 0.7071067811865475 0.0
actors.Brick src/images/brick8.gif 80 30 800 100 0.7071067811865475 0.7071067811865475 0.0
actors.BottomWall src/images/brick3.gif 960 16 480 666 0.7071067811865476 0.7071067811865476 0.0
actors.BottomWall src/images/brick3.gif 960 16 480 666 0.7071067811865475 0.7071067811865475 0.0
update
actors.Ball src/images/ball.gif 16 16 438 -299 0.7071067811865476 -0.7071067811865476 10.0
actors.Paddle src/images/paddle.gif 80 16 580 600 0.7071067811865475 0.7071067811865475 0.0
actors.Brick src/images/brick2.gif 80 30 200 100 0.7071067811865475 0.7071067811865475 0.0
actors.Brick src/images/brick3.gif 80 30 300 100 0.7071067811865475 0.7071067811865475 0.0
actors.Brick src/images/brick4.gif 80 30 400 100 0.7071067811865475 0.7071067811865475 0.0
actors.Brick src/images/brick5.gif 80 30 500 100 0.7071067811865475 0.7071067811865475 0.0
actors.Brick src/images/brick6.gif 80 30 600 100 0.7071067811865475 0.7071067811865475 0.0
actors.Brick src/images/brick7.gif 80 30 700 100 0.7071067811865475 0.7071067811865475 0.0
actors.Brick src/images/brick8.gif 80 30 800 100 0.7071067811865475 0.7071067811865475 0.0
actors.BottomWall src/images/brick3.gif 960 16 480 666 0.7071067811865476 0.7071067811865476 0.0
actors.BottomWall src/images/brick3.gif 960 16 480 666 0.7071067811865475 0.7071067811865475 0.0
update
actors.Ball src/images/ball.gif 16 16 445 -306 0.7071067811865476 -0.7071067811865476 10.0
actors.Paddle src/images/paddle.gif 80 16 580 600 0.7071067811865475 0.7071067811865475 0.0
actors.Brick src/images/brick2.gif 80 30 200 100 0.7071067811865475 0.7071067811865475 0.0
actors.Brick src/images/brick3.gif 80 30 300 100 0.7071067811865475 0.7071067811865475 0.0
actors.Brick src/images/brick4.gif 80 30 400 100 0.7071067811865475 0.7071067811865475 0.0
actors.Brick src/images/brick5.gif 80 30 500 100 0.7071067811865475 0.7071067811865475 0.0
actors.Brick src/images/brick6.gif 80 30 600 100 0.7071067811865475 0.7071067811865475 0.0
actors.Brick src/images/brick7.gif 80 30 700 100 0.7071067811865475 0.7071067811865475 0.0
actors.Brick src/images/brick8.gif 80 30 800 100 0.7071067811865475 0.7071067811865475 0.0
actors.BottomWall src/images/brick3.gif 960 16 480 666 0.7071067811865476 0.7071067811865476 0.0
actors.BottomWall src/images/brick3.gif 960 16 480 666 0.7071067811865475 0.7071067811865475 0.0
update
actors.Ball src/images/ball.gif 16 16 452 -313 0.7071067811865476 -0.7071067811865476 10.0
actors.Paddle src/images/paddle.gif 80 16 580 600 0.7071067811865475 0.7071067811865475 0.0
actors.Brick src/images/brick2.gif 80 30 200 100 0.7071067811865475 0.7071067811865475 0.0
actors.Brick src/images/brick3.gif 80 30 300 100 0.7071067811865475 0.7071067811865475 0.0
actors.Brick src/images/brick4.gif 80 30 400 100 0.7071067811865475 0.7071067811865475 0.0
actors.Brick src/images/brick5.gif 80 30 500 100 0.7071067811865475 0.7071067811865475 0.0
actors.Brick src/images/brick6.gif 80 30 600 100 0.7071067811865475 0.7071067811865475 0.0
actors.Brick src/images/brick7.gif 80 30 700 100 0.7071067811865475 0.7071067811865475 0.0
actors.Brick src/images/brick8.gif 80 30 800 100 0.7071067811865475 0.7071067811865475 0.0
actors.BottomWall src/images/brick3.gif 960 16 480 666 0.7071067811865476 0.7071067811865476 0.0
actors.BottomWall src/images/brick3.gif 960 16 480 666 0.7071067811865475 0.7071067811865475 0.0
update
actors.Ball src/images/ball.gif 16 16 459 -320 0.7071067811865476 -0.7071067811865476 10.0
actors.Paddle src/images/paddle.gif 80 16 580 600 0.7071067811865475 0.7071067811865475 0.0
actors.Brick src/images/brick2.gif 80 30 200 100 0.7071067811865475 0.7071067811865475 0.0
actors.Brick src/images/brick3.gif 80 30 300 100 0.7071067811865475 0.7071067811865475 0.0
actors.Brick src/images/brick4.gif 80 30 400 100 0.7071067811865475 0.7071067811865475 0.0
actors.Brick src/images/brick5.gif 80 30 500 100 0.7071067811865475 0.7071067811865475 0.0
actors.Brick src/images/brick6.gif 80 30 600 100 0.7071067811865475 0.7071067811865475 0.0
actors.Brick src/images/brick7.gif 80 30 700 100 0.7071067811865475 0.7071067811865475 0.0
actors.Brick src/images/brick8.gif 80 30 800 100 0.7071067811865475 0.7071067811865475 0.0
actors.BottomWall src/images/brick3.gif 960 16 480 666 0.7071067811865476 0.7071067811865476 0.0
actors.BottomWall src/images/brick3.gif 960 16 480 666 0.7071067811865475 0.7071067811865475 0.0
update
actors.Ball src/images/ball.gif 16 16 466 -327 0.7071067811865476 -0.7071067811865476 10.0
actors.Paddle src/images/paddle.gif 80 16 580 600 0.7071067811865475 0.7071067811865475 0.0
actors.Brick src/images/brick2.gif 80 30 200 100 0.7071067811865475 0.7071067811865475 0.0
actors.Brick src/images/brick3.gif 80 30 300 100 0.7071067811865475 0.7071067811865475 0.0
actors.Brick src/images/brick4.gif 80 30 400 100 0.7071067811865475 0.7071067811865475 0.0
actors.Brick src/images/brick5.gif 80 30 500 100 0.7071067811865475 0.7071067811865475 0.0
actors.Brick src/images/brick6.gif 80 30 600 100 0.7071067811865475 0.7071067811865475 0.0
actors.Brick src/images/brick7.gif 80 30 700 100 0.7071067811865475 0.7071067811865475 0.0
actors.Brick src/images/brick8.gif 80 30 800 100 0.7071067811865475 0.7071067811865475 0.0
actors.BottomWall src/images/brick3.gif 960 16 480 666 0.7071067811865476 0.7071067811865476 0.0
actors.BottomWall src/images/brick3.gif 960 16 480 666 0.7071067811865475 0.7071067811865475 0.0
update
actors.Ball src/images/ball.gif 16 16 473 -334 0.7071067811865476 -0.7071067811865476 10.0
actors.Paddle src/images/paddle.gif 80 16 580 600 0.7071067811865475 0.7071067811865475 0.0
actors.Brick src/images/brick2.gif 80 30 200 100 0.7071067811865475 0.7071067811865475 0.0
actors.Brick src/images/brick3.gif 80 30 300 100 0.7071067811865475 0.7071067811865475 0.0
actors.Brick src/images/brick4.gif 80 30 400 100 0.7071067811865475 0.7071067811865475 0.0
actors.Brick src/images/brick5.gif 80 30 500 100 0.7071067811865475 0.7071067811865475 0.0
actors.Brick src/images/brick6.gif 80 30 600 100 0.7071067811865475 0.7071067811865475 0.0
actors.Brick src/images/brick7.gif 80 30 700 100 0.7071067811865475 0.7071067811865475 0.0
actors.Brick src/images/brick8.gif 80 30 800 100 0.7071067811865475 0.7071067811865475 0.0
actors.BottomWall src/images/brick3.gif 960 16 480 666 0.7071067811865476 0.7071067811865476 0.0
actors.BottomWall src/images/brick3.gif 960 16 480 666 0.7071067811865475 0.7071067811865475 0.0
update
actors.Ball src/images/ball.gif 16 16 480 -341 0.7071067811865476 -0.7071067811865476 10.0
actors.Paddle src/images/paddle.gif 80 16 580 600 0.7071067811865475 0.7071067811865475 0.0
actors.Brick src/images/brick2.gif 80 30 200 100 0.7071067811865475 0.7071067811865475 0.0
actors.Brick src/images/brick3.gif 80 30 300 100 0.7071067811865475 0.7071067811865475 0.0
actors.Brick src/images/brick4.gif 80 30 400 100 0.7071067811865475 0.7071067811865475 0.0
actors.Brick src/images/brick5.gif 80 30 500 100 0.7071067811865475 0.7071067811865475 0.0
actors.Brick src/images/brick6.gif 80 30 600 100 0.7071067811865475 0.7071067811865475 0.0
actors.Brick src/images/brick7.gif 80 30 700 100 0.7071067811865475 0.7071067811865475 0.0
actors.Brick src/images/brick8.gif 80 30 800 100 0.7071067811865475 0.7071067811865475 0.0
actors.BottomWall src/images/brick3.gif 960 16 480 666 0.7071067811865476 0.7071067811865476 0.0
actors.BottomWall src/images/brick3.gif 960 16 480 666 0.7071067811865475 0.7071067811865475 0.0
update
actors.Ball src/images/ball.gif 16 16 487 -348 0.7071067811865476 -0.7071067811865476 10.0
actors.Paddle src/images/paddle.gif 80 16 580 600 0.7071067811865475 0.7071067811865475 0.0
actors.Brick src/images/brick2.gif 80 30 200 100 0.7071067811865475 0.7071067811865475 0.0
actors.Brick src/images/brick3.gif 80 30 300 100 0.7071067811865475 0.7071067811865475 0.0
actors.Brick src/images/brick4.gif 80 30 400 100 0.7071067811865475 0.7071067811865475 0.0
actors.Brick src/images/brick5.gif 80 30 500 100 0.7071067811865475 0.7071067811865475 0.0
actors.Brick src/images/brick6.gif 80 30 600 100 0.7071067811865475 0.7071067811865475 0.0
actors.Brick src/images/brick7.gif 80 30 700 100 0.7071067811865475 0.7071067811865475 0.0
actors.Brick src/images/brick8.gif 80 30 800 100 0.7071067811865475 0.7071067811865475 0.0
actors.BottomWall src/images/brick3.gif 960 16 480 666 0.7071067811865476 0.7071067811865476 0.0
actors.BottomWall src/images/brick3.gif 960 16 480 666 0.7071067811865475 0.7071067811865475 0.0
update
actors.Ball src/images/ball.gif 16 16 494 -355 0.7071067811865476 -0.7071067811865476 10.0
actors.Paddle src/images/paddle.gif 80 16 580 600 0.7071067811865475 0.7071067811865475 0.0
actors.Brick src/images/brick2.gif 80 30 200 100 0.7071067811865475 0.7071067811865475 0.0
actors.Brick src/images/brick3.gif 80 30 300 100 0.7071067811865475 0.7071067811865475 0.0
actors.Brick src/images/brick4.gif 80 30 400 100 0.7071067811865475 0.7071067811865475 0.0
actors.Brick src/images/brick5.gif 80 30 500 100 0.7071067811865475 0.7071067811865475 0.0
actors.Brick src/images/brick6.gif 80 30 600 100 0.7071067811865475 0.7071067811865475 0.0
actors.Brick src/images/brick7.gif 80 30 700 100 0.7071067811865475 0.7071067811865475 0.0
actors.Brick src/images/brick8.gif 80 30 800 100 0.7071067811865475 0.7071067811865475 0.0
actors.BottomWall src/images/brick3.gif 960 16 480 666 0.7071067811865476 0.7071067811865476 0.0
actors.BottomWall src/images/brick3.gif 960 16 480 666 0.7071067811865475 0.7071067811865475 0.0
update
actors.Ball src/images/ball.gif 16 16 501 -362 0.7071067811865476 -0.7071067811865476 10.0
actors.Paddle src/images/paddle.gif 80 16 580 600 0.7071067811865475 0.7071067811865475 0.0
actors.Brick src/images/brick2.gif 80 30 200 100 0.7071067811865475 0.7071067811865475 0.0
actors.Brick src/images/brick3.gif 80 30 300 100 0.7071067811865475 0.7071067811865475 0.0
actors.Brick src/images/brick4.gif 80 30 400 100 0.7071067811865475 0.7071067811865475 0.0
actors.Brick src/images/brick5.gif 80 30 500 100 0.7071067811865475 0.7071067811865475 0.0
actors.Brick src/images/brick6.gif 80 30 600 100 0.7071067811865475 0.7071067811865475 0.0
actors.Brick src/images/brick7.gif 80 30 700 100 0.7071067811865475 0.7071067811865475 0.0
actors.Brick src/images/brick8.gif 80 30 800 100 0.7071067811865475 0.7071067811865475 0.0
actors.BottomWall src/images/brick3.gif 960 16 480 666 0.7071067811865476 0.7071067811865476 0.0
actors.BottomWall src/images/brick3.gif 960 16 480 666 0.7071067811865475 0.7071067811865475 0.0
update
actors.Ball src/images/ball.gif 16 16 508 -369 0.7071067811865476 -0.7071067811865476 10.0
actors.Paddle src/images/paddle.gif 80 16 580 600 0.7071067811865475 0.7071067811865475 0.0
actors.Brick src/images/brick2.gif 80 30 200 100 0.7071067811865475 0.7071067811865475 0.0
actors.Brick src/images/brick3.gif 80 30 300 100 0.7071067811865475 0.7071067811865475 0.0
actors.Brick src/images/brick4.gif 80 30 400 100 0.7071067811865475 0.7071067811865475 0.0
actors.Brick src/images/brick5.gif 80 30 500 100 0.7071067811865475 0.7071067811865475 0.0
actors.Brick src/images/brick6.gif 80 30 600 100 0.7071067811865475 0.7071067811865475 0.0
actors.Brick src/images/brick7.gif 80 30 700 100 0.7071067811865475 0.7071067811865475 0.0
actors.Brick src/images/brick8.gif 80 30 800 100 0.7071067811865475 0.7071067811865475 0.0
actors.BottomWall src/images/brick3.gif 960 16 480 666 0.7071067811865476 0.7071067811865476 0.0
actors.BottomWall src/images/brick3.gif 960 16 480 666 0.7071067811865475 0.7071067811865475 0.0
update
actors.Ball src/images/ball.gif 16 16 515 -376 0.7071067811865476 -0.7071067811865476 10.0
actors.Paddle src/images/paddle.gif 80 16 580 600 0.7071067811865475 0.7071067811865475 0.0
actors.Brick src/images/brick2.gif 80 30 200 100 0.7071067811865475 0.7071067811865475 0.0
actors.Brick src/images/brick3.gif 80 30 300 100 0.7071067811865475 0.7071067811865475 0.0
actors.Brick src/images/brick4.gif 80 30 400 100 0.7071067811865475 0.7071067811865475 0.0
actors.Brick src/images/brick5.gif 80 30 500 100 0.7071067811865475 0.7071067811865475 0.0
actors.Brick src/images/brick6.gif 80 30 600 100 0.7071067811865475 0.7071067811865475 0.0
actors.Brick src/images/brick7.gif 80 30 700 100 0.7071067811865475 0.7071067811865475 0.0
actors.Brick src/images/brick8.gif 80 30 800 100 0.7071067811865475 0.7071067811865475 0.0
actors.BottomWall src/images/brick3.gif 960 16 480 666 0.7071067811865476 0.7071067811865476 0.0
actors.BottomWall src/images/brick3.gif 960 16 480 666 0.7071067811865475 0.7071067811865475 0.0
update
actors.Ball src/images/ball.gif 16 16 522 -383 0.7071067811865476 -0.7071067811865476 10.0
actors.Paddle src/images/paddle.gif 80 16 580 600 0.7071067811865475 0.7071067811865475 0.0
actors.Brick src/images/brick2.gif 80 30 200 100 0.7071067811865475 0.7071067811865475 0.0
actors.Brick src/images/brick3.gif 80 30 300 100 0.7071067811865475 0.7071067811865475 0.0
actors.Brick src/images/brick4.gif 80 30 400 100 0.7071067811865475 0.7071067811865475 0.0
actors.Brick src/images/brick5.gif 80 30 500 100 0.7071067811865475 0.7071067811865475 0.0
actors.Brick src/images/brick6.gif 80 30 600 100 0.7071067811865475 0.7071067811865475 0.0
actors.Brick src/images/brick7.gif 80 30 700 100 0.7071067811865475 0.7071067811865475 0.0
actors.Brick src/images/brick8.gif 80 30 800 100 0.7071067811865475 0.7071067811865475 0.0
actors.BottomWall src/images/brick3.gif 960 16 480 666 0.7071067811865476 0.7071067811865476 0.0
actors.BottomWall src/images/brick3.gif 960 16 480 666 0.7071067811865475 0.7071067811865475 0.0
update
actors.Ball src/images/ball.gif 16 16 529 -390 0.7071067811865476 -0.7071067811865476 10.0
actors.Paddle src/images/paddle.gif 80 16 580 600 0.7071067811865475 0.7071067811865475 0.0
actors.Brick src/images/brick2.gif 80 30 200 100 0.7071067811865475 0.7071067811865475 0.0
actors.Brick src/images/brick3.gif 80 30 300 100 0.7071067811865475 0.7071067811865475 0.0
actors.Brick src/images/brick4.gif 80 30 400 100 0.7071067811865475 0.7071067811865475 0.0
actors.Brick src/images/brick5.gif 80 30 500 100 0.7071067811865475 0.7071067811865475 0.0
actors.Brick src/images/brick6.gif 80 30 600 100 0.7071067811865475 0.7071067811865475 0.0
actors.Brick src/images/brick7.gif 80 30 700 100 0.7071067811865475 0.7071067811865475 0.0
actors.Brick src/images/brick8.gif 80 30 800 100 0.7071067811865475 0.7071067811865475 0.0
actors.BottomWall src/images/brick3.gif 960 16 480 666 0.7071067811865476 0.7071067811865476 0.0
actors.BottomWall src/images/brick3.gif 960 16 480 666 0.7071067811865475 0.7071067811865475 0.0
update
actors.Ball src/images/ball.gif 16 16 536 -397 0.7071067811865476 -0.7071067811865476 10.0
actors.Paddle src/images/paddle.gif 80 16 580 600 0.7071067811865475 0.7071067811865475 0.0
actors.Brick src/images/brick2.gif 80 30 200 100 0.7071067811865475 0.7071067811865475 0.0
actors.Brick src/images/brick3.gif 80 30 300 100 0.7071067811865475 0.7071067811865475 0.0
actors.Brick src/images/brick4.gif 80 30 400 100 0.7071067811865475 0.7071067811865475 0.0
actors.Brick src/images/brick5.gif 80 30 500 100 0.7071067811865475 0.7071067811865475 0.0
actors.Brick src/images/brick6.gif 80 30 600 100 0.7071067811865475 0.7071067811865475 0.0
actors.Brick src/images/brick7.gif 80 30 700 100 0.7071067811865475 0.7071067811865475 0.0
actors.Brick src/images/brick8.gif 80 30 800 100 0.7071067811865475 0.7071067811865475 0.0
actors.BottomWall src/images/brick3.gif 960 16 480 666 0.7071067811865476 0.7071067811865476 0.0
actors.BottomWall src/images/brick3.gif 960 16 480 666 0.7071067811865475 0.7071067811865475 0.0
update
actors.Ball src/images/ball.gif 16 16 543 -404 0.7071067811865476 -0.7071067811865476 10.0
actors.Paddle src/images/paddle.gif 80 16 580 600 0.7071067811865475 0.7071067811865475 0.0
actors.Brick src/images/brick2.gif 80 30 200 100 0.7071067811865475 0.7071067811865475 0.0
actors.Brick src/images/brick3.gif 80 30 300 100 0.7071067811865475 0.7071067811865475 0.0
actors.Brick src/images/brick4.gif 80 30 400 100 0.7071067811865475 0.7071067811865475 0.0
actors.Brick src/images/brick5.gif 80 30 500 100 0.7071067811865475 0.7071067811865475 0.0
actors.Brick src/images/brick6.gif 80 30 600 100 0.7071067811865475 0.7071067811865475 0.0
actors.Brick src/images/brick7.gif 80 30 700 100 0.7071067811865475 0.7071067811865475 0.0
actors.Brick src/images/brick8.gif 80 30 800 100 0.7071067811865475 0.7071067811865475 0.0
actors.BottomWall src/images/brick3.gif 960 16 480 666 0.7071067811865476 0.7071067811865476 0.0
actors.BottomWall src/images/brick3.gif 960 16 480 666 0.7071067811865475 0.7071067811865475 0.0
update
actors.Ball src/images/ball.gif 16 16 550 -411 0.7071067811865476 -0.7071067811865476 10.0
actors.Paddle src/images/paddle.gif 80 16 580 600 0.7071067811865475 0.7071067811865475 0.0
actors.Brick src/images/brick2.gif 80 30 200 100 0.7071067811865475 0.7071067811865475 0.0
actors.Brick src/images/brick3.gif 80 30 300 100 0.7071067811865475 0.7071067811865475 0.0
actors.Brick src/images/brick4.gif 80 30 400 100 0.7071067811865475 0.7071067811865475 0.0
actors.Brick src/images/brick5.gif 80 30 500 100 0.7071067811865475 0.7071067811865475 0.0
actors.Brick src/images/brick6.gif 80 30 600 100 0.7071067811865475 0.7071067811865475 0.0
actors.Brick src/images/brick7.gif 80 30 700 100 0.7071067811865475 0.7071067811865475 0.0
actors.Brick src/images/brick8.gif 80 30 800 100 0.7071067811865475 0.7071067811865475 0.0
actors.BottomWall src/images/brick3.gif 960 16 480 666 0.7071067811865476 0.7071067811865476 0.0
actors.BottomWall src/images/brick3.gif 960 16 480 666 0.7071067811865475 0.7071067811865475 0.0
update
actors.Ball src/images/ball.gif 16 16 557 -418 0.7071067811865476 -0.7071067811865476 10.0
actors.Paddle src/images/paddle.gif 80 16 580 600 0.7071067811865475 0.7071067811865475 0.0
actors.Brick src/images/brick2.gif 80 30 200 100 0.7071067811865475 0.7071067811865475 0.0
actors.Brick src/images/brick3.gif 80 30 300 100 0.7071067811865475 0.7071067811865475 0.0
actors.Brick src/images/brick4.gif 80 30 400 100 0.7071067811865475 0.7071067811865475 0.0
actors.Brick src/images/brick5.gif 80 30 500 100 0.7071067811865475 0.7071067811865475 0.0
actors.Brick src/images/brick6.gif 80 30 600 100 0.7071067811865475 0.7071067811865475 0.0
actors.Brick src/images/brick7.gif 80 30 700 100 0.7071067811865475 0.7071067811865475 0.0
actors.Brick src/images/brick8.gif 80 30 800 100 0.7071067811865475 0.7071067811865475 0.0
actors.BottomWall src/images/brick3.gif 960 16 480 666 0.7071067811865476 0.7071067811865476 0.0
actors.BottomWall src/images/brick3.gif 960 16 480 666 0.7071067811865475 0.7071067811865475 0.0
