actors.Ball src/images/ball.gif 16 16 480 450 -0.7071067811865475 -0.7071067811865475 10.0
actors.Paddle src/images/paddle.gif 80 16 580 600 0.7071067811865475 0.7071067811865475 0.0
actors.Brick src/images/brick1.gif 80 30 100 100 0.7071067811865475 0.7071067811865475 0.0
actors.Brick src/images/brick2.gif 80 30 200 100 0.7071067811865475 0.7071067811865475 0.0
actors.Brick src/images/brick3.gif 80 30 300 100 0.7071067811865475 0.7071067811865475 0.0
actors.Brick src/images/brick4.gif 80 30 400 100 0.7071067811865475 0.7071067811865475 0.0
actors.Brick src/images/brick5.gif 80 30 500 100 0.7071067811865475 0.7071067811865475 0.0
actors.Brick src/images/brick6.gif 80 30 600 100 0.7071067811865475 0.7071067811865475 0.0
actors.Brick src/images/brick7.gif 80 30 700 100 0.7071067811865475 0.7071067811865475 0.0
actors.Brick src/images/brick8.gif 80 30 800 100 0.7071067811865475 0.7071067811865475 0.0
actors.BottomWall src/images/brick3.gif 960 16 480 666 0.7071067811865475 0.7071067811865475 0.0
update
actors.Ball src/images/ball.gif 16 16 472 442 -0.7071067811865475 -0.7071067811865475 10.0
actors.Paddle src/images/paddle.gif 80 16 580 600 0.7071067811865475 0.7071067811865475 0.0
actors.Brick src/images/brick1.gif 80 30 100 100 0.7071067811865475 0.7071067811865475 0.0
actors.Brick src/images/brick2.gif 80 30 200 100 0.7071067811865475 0.7071067811865475 0.0
actors.Brick src/images/brick3.gif 80 30 300 100 0.7071067811865475 0.7071067811865475 0.0
actors.Brick src/images/brick4.gif 80 30 400 100 0.7071067811865475 0.7071067811865475 0.0
actors.Brick src/images/brick5.gif 80 30 500 100 0.7071067811865475 0.7071067811865475 0.0
actors.Brick src/images/brick6.gif 80 30 600 100 0.7071067811865475 0.7071067811865475 0.0
actors.Brick src/images/brick7.gif 80 30 700 100 0.7071067811865475 0.7071067811865475 0.0
actors.Brick src/images/brick8.gif 80 30 800 100 0.7071067811865475 0.7071067811865475 0.0
actors.BottomWall src/images/brick3.gif 960 16 480 666 0.7071067811865475 0.7071067811865475 0.0
update
actors.Ball src/images/ball.gif 16 16 464 434 -0.7071067811865475 -0.7071067811865475 10.0
actors.Paddle src/images/paddle.gif 80 16 580 600 0.7071067811865475 0.7071067811865475 0.0
actors.Brick src/images/brick1.gif 80 30 100 100 0.7071067811865475 0.7071067811865475 0.0
actors.Brick src/images/brick2.gif 80 30 200 100 0.7071067811865475 0.7071067811865475 0.0
actors.Brick src/images/brick3.gif 80 30 300 100 0.7071067811865475 0.7071067811865475 0.0
actors.Brick src/images/brick4.gif 80 30 400 100 0.7071067811865475 0.7071067811865475 0.0
actors.Brick src/images/brick5.gif 80 30 500 100 0.7071067811865475 0.7071067811865475 0.0
actors.Brick src/images/brick6.gif 80 30 600 100 0.7071067811865475 0.7071067811865475 0.0
actors.Brick src/images/brick7.gif 80 30 700 100 0.7071067811865475 0.7071067811865475 0.0
actors.Brick src/images/brick8.gif 80 30 800 100 0.7071067811865475 0.7071067811865475 0.0
actors.BottomWall src/images/brick3.gif 960 16 480 666 0.7071067811865475 0.7071067811865475 0.0
update
actors.Ball src/images/ball.gif 16 16 456 426 -0.7071067811865475 -0.7071067811865475 10.0
actors.Paddle src/images/paddle.gif 80 16 580 600 0.7071067811865475 0.7071067811865475 0.0
actors.Brick src/images/brick1.gif 80 30 100 100 0.7071067811865475 0.7071067811865475 0.0
actors.Brick src/images/brick2.gif 80 30 200 100 0.7071067811865475 0.7071067811865475 0.0
actors.Brick src/images/brick3.gif 80 30 300 100 0.7071067811865475 0.7071067811865475 0.0
actors.Brick src/images/brick4.gif 80 30 400 100 0.7071067811865475 0.7071067811865475 0.0
actors.Brick src/images/brick5.gif 80 30 500 100 0.7071067811865475 0.7071067811865475 0.0
actors.Brick src/images/brick6.gif 80 30 600 100 0.7071067811865475 0.7071067811865475 0.0
actors.Brick src/images/brick7.gif 80 30 700 100 0.7071067811865475 0.7071067811865475 0.0
actors.Brick src/images/brick8.gif 80 30 800 100 0.7071067811865475 0.7071067811865475 0.0
actors.BottomWall src/images/brick3.gif 960 16 480 666 0.7071067811865475 0.7071067811865475 0.0
update
actors.Ball src/images/ball.gif 16 16 448 418 -0.7071067811865475 -0.7071067811865475 10.0
actors.Paddle src/images/paddle.gif 80 16 580 600 0.7071067811865475 0.7071067811865475 0.0
actors.Brick src/images/brick1.gif 80 30 100 100 0.7071067811865475 0.7071067811865475 0.0
actors.Brick src/images/brick2.gif 80 30 200 100 0.7071067811865475 0.7071067811865475 0.0
actors.Brick src/images/brick3.gif 80 30 300 100 0.7071067811865475 0.7071067811865475 0.0
actors.Brick src/images/brick4.gif 80 30 400 100 0.7071067811865475 0.7071067811865475 0.0
actors.Brick src/images/brick5.gif 80 30 500 100 0.7071067811865475 0.7071067811865475 0.0
actors.Brick src/images/brick6.gif 80 30 600 100 0.7071067811865475 0.7071067811865475 0.0
actors.Brick src/images/brick7.gif 80 30 700 100 0.7071067811865475 0.7071067811865475 0.0
actors.Brick src/images/brick8.gif 80 30 800 100 0.7071067811865475 0.7071067811865475 0.0
actors.BottomWall src/images/brick3.gif 960 16 480 666 0.7071067811865475 0.7071067811865475 0.0
update
actors.Ball src/images/ball.gif 16 16 440 410 -0.7071067811865475 -0.7071067811865475 10.0
actors.Paddle src/images/paddle.gif 80 16 580 600 0.7071067811865475 0.7071067811865475 0.0
actors.Brick src/images/brick1.gif 80 30 100 100 0.7071067811865475 0.7071067811865475 0.0
actors.Brick src/images/brick2.gif 80 30 200 100 0.7071067811865475 0.7071067811865475 0.0
actors.Brick src/images/brick3.gif 80 30 300 100 0.7071067811865475 0.7071067811865475 0.0
actors.Brick src/images/brick4.gif 80 30 400 100 0.7071067811865475 0.7071067811865475 0.0
actors.Brick src/images/brick5.gif 80 30 500 100 0.7071067811865475 0.7071067811865475 0.0
actors.Brick src/images/brick6.gif 80 30 600 100 0.7071067811865475 0.7071067811865475 0.0
actors.Brick src/images/brick7.gif 80 30 700 100 0.7071067811865475 0.7071067811865475 0.0
actors.Brick src/images/brick8.gif 80 30 800 100 0.7071067811865475 0.7071067811865475 0.0
actors.BottomWall src/images/brick3.gif 960 16 480 666 0.7071067811865475 0.7071067811865475 0.0
update
actors.Ball src/images/ball.gif 16 16 432 402 -0.7071067811865475 -0.7071067811865475 10.0
actors.Paddle src/images/paddle.gif 80 16 580 600 0.7071067811865475 0.7071067811865475 0.0
actors.Brick src/images/brick1.gif 80 30 100 100 0.7071067811865475 0.7071067811865475 0.0
actors.Brick src/images/brick2.gif 80 30 200 100 0.7071067811865475 0.7071067811865475 0.0
actors.Brick src/images/brick3.gif 80 30 300 100 0.7071067811865475 0.7071067811865475 0.0
actors.Brick src/images/brick4.gif 80 30 400 100 0.7071067811865475 0.7071067811865475 0.0
actors.Brick src/images/brick5.gif 80 30 500 100 0.7071067811865475 0.7071067811865475 0.0
actors.Brick src/images/brick6.gif 80 30 600 100 0.7071067811865475 0.7071067811865475 0.0
actors.Brick src/images/brick7.gif 80 30 700 100 0.7071067811865475 0.7071067811865475 0.0
actors.Brick src/images/brick8.gif 80 30 800 100 0.7071067811865475 0.7071067811865475 0.0
actors.BottomWall src/images/brick3.gif 960 16 480 666 0.7071067811865475 0.7071067811865475 0.0
update
actors.Ball src/images/ball.gif 16 16 424 394 -0.7071067811865475 -0.7071067811865475 10.0
actors.Paddle src/images/paddle.gif 80 16 580 600 0.7071067811865475 0.7071067811865475 0.0
actors.Brick src/images/brick1.gif 80 30 100 100 0.7071067811865475 0.7071067811865475 0.0
actors.Brick src/images/brick2.gif 80 30 200 100 0.7071067811865475 0.7071067811865475 0.0
actors.Brick src/images/brick3.gif 80 30 300 100 0.7071067811865475 0.7071067811865475 0.0
actors.Brick src/images/brick4.gif 80 30 400 100 0.7071067811865475 0.7071067811865475 0.0
actors.Brick src/images/brick5.gif 80 30 500 100 0.7071067811865475 0.7071067811865475 0.0
actors.Brick src/images/brick6.gif 80 30 600 100 0.7071067811865475 0.7071067811865475 0.0
actors.Brick src/images/brick7.gif 80 30 700 100 0.7071067811865475 0.7071067811865475 0.0
actors.Brick src/images/brick8.gif 80 30 800 100 0.7071067811865475 0.7071067811865475 0.0
actors.BottomWall src/images/brick3.gif 960 16 480 666 0.7071067811865475 0.7071067811865475 0.0
update
actors.Ball src/images/ball.gif 16 16 416 386 -0.7071067811865475 -0.7071067811865475 10.0
actors.Paddle src/images/paddle.gif 80 16 580 600 0.7071067811865475 0.7071067811865475 0.0
actors.Brick src/images/brick1.gif 80 30 100 100 0.7071067811865475 0.7071067811865475 0.0
actors.Brick src/images/brick2.gif 80 30 200 100 0.7071067811865475 0.7071067811865475 0.0
actors.Brick src/images/brick3.gif 80 30 300 100 0.7071067811865475 0.7071067811865475 0.0
actors.Brick src/images/brick4.gif 80 30 400 100 0.7071067811865475 0.7071067811865475 0.0
actors.Brick src/images/brick5.gif 80 30 500 100 0.7071067811865475 0.7071067811865475 0.0
actors.Brick src/images/brick6.gif 80 30 600 100 0.7071067811865475 0.7071067811865475 0.0
actors.Brick src/images/brick7.gif 80 30 700 100 0.7071067811865475 0.7071067811865475 0.0
actors.Brick src/images/brick8.gif 80 30 800 100 0.7071067811865475 0.7071067811865475 0.0
actors.BottomWall src/images/brick3.gif 960 16 480 666 0.7071067811865475 0.7071067811865475 0.0
update
actors.Ball src/images/ball.gif 16 16 408 378 -0.7071067811865475 -0.7071067811865475 10.0
actors.Paddle src/images/paddle.gif 80 16 580 600 0.7071067811865475 0.7071067811865475 0.0
actors.Brick src/images/brick1.gif 80 30 100 100 0.7071067811865475 0.7071067811865475 0.0
actors.Brick src/images/brick2.gif 80 30 200 100 0.7071067811865475 0.7071067811865475 0.0
actors.Brick src/images/brick3.gif 80 30 300 100 0.7071067811865475 0.7071067811865475 0.0
actors.Brick src/images/brick4.gif 80 30 400 100 0.7071067811865475 0.7071067811865475 0.0
actors.Brick src/images/brick5.gif 80 30 500 100 0.7071067811865475 0.7071067811865475 0.0
actors.Brick src/images/brick6.gif 80 30 600 100 0.7071067811865475 0.7071067811865475 0.0
actors.Brick src/images/brick7.gif 80 30 700 100 0.7071067811865475 0.7071067811865475 0.0
actors.Brick src/images/brick8.gif 80 30 800 100 0.7071067811865475 0.7071067811865475 0.0
actors.BottomWall src/images/brick3.gif 960 16 480 666 0.7071067811865475 0.7071067811865475 0.0
update
actors.Ball src/images/ball.gif 16 16 400 370 -0.7071067811865475 -0.7071067811865475 10.0
actors.Paddle src/images/paddle.gif 80 16 580 600 0.7071067811865475 0.7071067811865475 0.0
actors.Brick src/images/brick1.gif 80 30 100 100 0.7071067811865475 0.7071067811865475 0.0
actors.Brick src/images/brick2.gif 80 30 200 100 0.7071067811865475 0.7071067811865475 0.0
actors.Brick src/images/brick3.gif 80 30 300 100 0.7071067811865475 0.7071067811865475 0.0
actors.Brick src/images/brick4.gif 80 30 400 100 0.7071067811865475 0.7071067811865475 0.0
actors.Brick src/images/brick5.gif 80 30 500 100 0.7071067811865475 0.7071067811865475 0.0
actors.Brick src/images/brick6.gif 80 30 600 100 0.7071067811865475 0.7071067811865475 0.0
actors.Brick src/images/brick7.gif 80 30 700 100 0.7071067811865475 0.7071067811865475 0.0
actors.Brick src/images/brick8.gif 80 30 800 100 0.7071067811865475 0.7071067811865475 0.0
actors.BottomWall src/images/brick3.gif 960 16 480 666 0.7071067811865475 0.7071067811865475 0.0
update
actors.Ball src/images/ball.gif 16 16 392 362 -0.7071067811865475 -0.7071067811865475 10.0
actors.Paddle src/images/paddle.gif 80 16 580 600 0.7071067811865475 0.7071067811865475 0.0
actors.Brick src/images/brick1.gif 80 30 100 100 0.7071067811865475 0.7071067811865475 0.0
actors.Brick src/images/brick2.gif 80 30 200 100 0.7071067811865475 0.7071067811865475 0.0
actors.Brick src/images/brick3.gif 80 30 300 100 0.7071067811865475 0.7071067811865475 0.0
actors.Brick src/images/brick4.gif 80 30 400 100 0.7071067811865475 0.7071067811865475 0.0
actors.Brick src/images/brick5.gif 80 30 500 100 0.7071067811865475 0.7071067811865475 0.0
actors.Brick src/images/brick6.gif 80 30 600 100 0.7071067811865475 0.7071067811865475 0.0
actors.Brick src/images/brick7.gif 80 30 700 100 0.7071067811865475 0.7071067811865475 0.0
actors.Brick src/images/brick8.gif 80 30 800 100 0.7071067811865475 0.7071067811865475 0.0
actors.BottomWall src/images/brick3.gif 960 16 480 666 0.7071067811865475 0.7071067811865475 0.0
update
actors.Ball src/images/ball.gif 16 16 384 354 -0.7071067811865475 -0.7071067811865475 10.0
actors.Paddle src/images/paddle.gif 80 16 580 600 0.7071067811865475 0.7071067811865475 0.0
actors.Brick src/images/brick1.gif 80 30 100 100 0.7071067811865475 0.7071067811865475 0.0
actors.Brick src/images/brick2.gif 80 30 200 100 0.7071067811865475 0.7071067811865475 0.0
actors.Brick src/images/brick3.gif 80 30 300 100 0.7071067811865475 0.7071067811865475 0.0
actors.Brick src/images/brick4.gif 80 30 400 100 0.7071067811865475 0.7071067811865475 0.0
actors.Brick src/images/brick5.gif 80 30 500 100 0.7071067811865475 0.7071067811865475 0.0
actors.Brick src/images/brick6.gif 80 30 600 100 0.7071067811865475 0.7071067811865475 0.0
actors.Brick src/images/brick7.gif 80 30 700 100 0.7071067811865475 0.7071067811865475 0.0
actors.Brick src/images/brick8.gif 80 30 800 100 0.7071067811865475 0.7071067811865475 0.0
actors.BottomWall src/images/brick3.gif 960 16 480 666 0.7071067811865475 0.7071067811865475 0.0
update
actors.Ball src/images/ball.gif 16 16 376 346 -0.7071067811865475 -0.7071067811865475 10.0
actors.Paddle src/images/paddle.gif 80 16 580 600 0.7071067811865475 0.7071067811865475 0.0
actors.Brick src/images/brick1.gif 80 30 100 100 0.7071067811865475 0.7071067811865475 0.0
actors.Brick src/images/brick2.gif 80 30 200 100 0.7071067811865475 0.7071067811865475 0.0
actors.Brick src/images/brick3.gif 80 30 300 100 0.7071067811865475 0.7071067811865475 0.0
actors.Brick src/images/brick4.gif 80 30 400 100 0.7071067811865475 0.7071067811865475 0.0
actors.Brick src/images/brick5.gif 80 30 500 100 0.7071067811865475 0.7071067811865475 0.0
actors.Brick src/images/brick6.gif 80 30 600 100 0.7071067811865475 0.7071067811865475 0.0
actors.Brick src/images/brick7.gif 80 30 700 100 0.7071067811865475 0.7071067811865475 0.0
actors.Brick src/images/brick8.gif 80 30 800 100 0.7071067811865475 0.7071067811865475 0.0
actors.BottomWall src/images/brick3.gif 960 16 480 666 0.7071067811865475 0.7071067811865475 0.0
update
actors.Ball src/images/ball.gif 16 16 368 338 -0.7071067811865475 -0.7071067811865475 10.0
actors.Paddle src/images/paddle.gif 80 16 580 600 0.7071067811865475 0.7071067811865475 0.0
actors.Brick src/images/brick1.gif 80 30 100 100 0.7071067811865475 0.7071067811865475 0.0
actors.Brick src/images/brick2.gif 80 30 200 100 0.7071067811865475 0.7071067811865475 0.0
actors.Brick src/images/brick3.gif 80 30 300 100 0.7071067811865475 0.7071067811865475 0.0
actors.Brick src/images/brick4.gif 80 30 400 100 0.7071067811865475 0.7071067811865475 0.0
actors.Brick src/images/brick5.gif 80 30 500 100 0.7071067811865475 0.7071067811865475 0.0
actors.Brick src/images/brick6.gif 80 30 600 100 0.7071067811865475 0.7071067811865475 0.0
actors.Brick src/images/brick7.gif 80 30 700 100 0.7071067811865475 0.7071067811865475 0.0
actors.Brick src/images/brick8.gif 80 30 800 100 0.7071067811865475 0.7071067811865475 0.0
actors.BottomWall src/images/brick3.gif 960 16 480 666 0.7071067811865475 0.7071067811865475 0.0
update
actors.Ball src/images/ball.gif 16 16 360 330 -0.7071067811865475 -0.7071067811865475 10.0
actors.Paddle src/images/paddle.gif 80 16 580 600 0.7071067811865475 0.7071067811865475 0.0
actors.Brick src/images/brick1.gif 80 30 100 100 0.7071067811865475 0.7071067811865475 0.0
actors.Brick src/images/brick2.gif 80 30 200 100 0.7071067811865475 0.7071067811865475 0.0
actors.Brick src/images/brick3.gif 80 30 300 100 0.7071067811865475 0.7071067811865475 0.0
actors.Brick src/images/brick4.gif 80 30 400 100 0.7071067811865475 0.7071067811865475 0.0
actors.Brick src/images/brick5.gif 80 30 500 100 0.7071067811865475 0.7071067811865475 0.0
actors.Brick src/images/brick6.gif 80 30 600 100 0.7071067811865475 0.7071067811865475 0.0
actors.Brick src/images/brick7.gif 80 30 700 100 0.7071067811865475 0.7071067811865475 0.0
actors.Brick src/images/brick8.gif 80 30 800 100 0.7071067811865475 0.7071067811865475 0.0
actors.BottomWall src/images/brick3.gif 960 16 480 666 0.7071067811865475 0.7071067811865475 0.0
update
actors.Ball src/images/ball.gif 16 16 352 322 -0.7071067811865475 -0.7071067811865475 10.0
actors.Paddle src/images/paddle.gif 80 16 580 600 0.7071067811865475 0.7071067811865475 0.0
actors.Brick src/images/brick1.gif 80 30 100 100 0.7071067811865475 0.7071067811865475 0.0
actors.Brick src/images/brick2.gif 80 30 200 100 0.7071067811865475 0.7071067811865475 0.0
actors.Brick src/images/brick3.gif 80 30 300 100 0.7071067811865475 0.7071067811865475 0.0
actors.Brick src/images/brick4.gif 80 30 400 100 0.7071067811865475 0.7071067811865475 0.0
actors.Brick src/images/brick5.gif 80 30 500 100 0.7071067811865475 0.7071067811865475 0.0
actors.Brick src/images/brick6.gif 80 30 600 100 0.7071067811865475 0.7071067811865475 0.0
actors.Brick src/images/brick7.gif 80 30 700 100 0.7071067811865475 0.7071067811865475 0.0
actors.Brick src/images/brick8.gif 80 30 800 100 0.7071067811865475 0.7071067811865475 0.0
actors.BottomWall src/images/brick3.gif 960 16 480 666 0.7071067811865475 0.7071067811865475 0.0
update
actors.Ball src/images/ball.gif 16 16 344 314 -0.7071067811865475 -0.7071067811865475 10.0
actors.Paddle src/images/paddle.gif 80 16 580 600 0.7071067811865475 0.7071067811865475 0.0
actors.Brick src/images/brick1.gif 80 30 100 100 0.7071067811865475 0.7071067811865475 0.0
actors.Brick src/images/brick2.gif 80 30 200 100 0.7071067811865475 0.7071067811865475 0.0
actors.Brick src/images/brick3.gif 80 30 300 100 0.7071067811865475 0.7071067811865475 0.0
actors.Brick src/images/brick4.gif 80 30 400 100 0.7071067811865475 0.7071067811865475 0.0
actors.Brick src/images/brick5.gif 80 30 500 100 0.7071067811865475 0.7071067811865475 0.0
actors.Brick src/images/brick6.gif 80 30 600 100 0.7071067811865475 0.7071067811865475 0.0
actors.Brick src/images/brick7.gif 80 30 700 100 0.7071067811865475 0.7071067811865475 0.0
actors.Brick src/images/brick8.gif 80 30 800 100 0.7071067811865475 0.7071067811865475 0.0
actors.BottomWall src/images/brick3.gif 960 16 480 666 0.7071067811865475 0.7071067811865475 0.0
update
actors.Ball src/images/ball.gif 16 16 336 306 -0.7071067811865475 -0.7071067811865475 10.0
actors.Paddle src/images/paddle.gif 80 16 580 600 0.7071067811865475 0.7071067811865475 0.0
actors.Brick src/images/brick1.gif 80 30 100 100 0.7071067811865475 0.7071067811865475 0.0
actors.Brick src/images/brick2.gif 80 30 200 100 0.7071067811865475 0.7071067811865475 0.0
actors.Brick src/images/brick3.gif 80 30 300 100 0.7071067811865475 0.7071067811865475 0.0
actors.Brick src/images/brick4.gif 80 30 400 100 0.7071067811865475 0.7071067811865475 0.0
actors.Brick src/images/brick5.gif 80 30 500 100 0.7071067811865475 0.7071067811865475 0.0
actors.Brick src/images/brick6.gif 80 30 600 100 0.7071067811865475 0.7071067811865475 0.0
actors.Brick src/images/brick7.gif 80 30 700 100 0.7071067811865475 0.7071067811865475 0.0
actors.Brick src/images/brick8.gif 80 30 800 100 0.7071067811865475 0.7071067811865475 0.0
actors.BottomWall src/images/brick3.gif 960 16 480 666 0.7071067811865475 0.7071067811865475 0.0
update
actors.Ball src/images/ball.gif 16 16 328 298 -0.7071067811865475 -0.7071067811865475 10.0
actors.Paddle src/images/paddle.gif 80 16 580 600 0.7071067811865475 0.7071067811865475 0.0
actors.Brick src/images/brick1.gif 80 30 100 100 0.7071067811865475 0.7071067811865475 0.0
actors.Brick src/images/brick2.gif 80 30 200 100 0.7071067811865475 0.7071067811865475 0.0
actors.Brick src/images/brick3.gif 80 30 300 100 0.7071067811865475 0.7071067811865475 0.0
actors.Brick src/images/brick4.gif 80 30 400 100 0.7071067811865475 0.7071067811865475 0.0
actors.Brick src/images/brick5.gif 80 30 500 100 0.7071067811865475 0.7071067811865475 0.0
actors.Brick src/images/brick6.gif 80 30 600 100 0.7071067811865475 0.7071067811865475 0.0
actors.Brick src/images/brick7.gif 80 30 700 100 0.7071067811865475 0.7071067811865475 0.0
actors.Brick src/images/brick8.gif 80 30 800 100 0.7071067811865475 0.7071067811865475 0.0
actors.BottomWall src/images/brick3.gif 960 16 480 666 0.7071067811865475 0.7071067811865475 0.0
update
actors.Ball src/images/ball.gif 16 16 320 290 -0.7071067811865475 -0.7071067811865475 10.0
actors.Paddle src/images/paddle.gif 80 16 580 600 0.7071067811865475 0.7071067811865475 0.0
actors.Brick src/images/brick1.gif 80 30 100 100 0.7071067811865475 0.7071067811865475 0.0
actors.Brick src/images/brick2.gif 80 30 200 100 0.7071067811865475 0.7071067811865475 0.0
actors.Brick src/images/brick3.gif 80 30 300 100 0.7071067811865475 0.7071067811865475 0.0
actors.Brick src/images/brick4.gif 80 30 400 100 0.7071067811865475 0.7071067811865475 0.0
actors.Brick src/images/brick5.gif 80 30 500 100 0.7071067811865475 0.7071067811865475 0.0
actors.Brick src/images/brick6.gif 80 30 600 100 0.7071067811865475 0.7071067811865475 0.0
actors.Brick src/images/brick7.gif 80 30 700 100 0.7071067811865475 0.7071067811865475 0.0
actors.Brick src/images/brick8.gif 80 30 800 100 0.7071067811865475 0.7071067811865475 0.0
actors.BottomWall src/images/brick3.gif 960 16 480 666 0.7071067811865475 0.7071067811865475 0.0
update
actors.Ball src/images/ball.gif 16 16 312 282 -0.7071067811865475 -0.7071067811865475 10.0
actors.Paddle src/images/paddle.gif 80 16 580 600 0.7071067811865475 0.7071067811865475 0.0
actors.Brick src/images/brick1.gif 80 30 100 100 0.7071067811865475 0.7071067811865475 0.0
actors.Brick src/images/brick2.gif 80 30 200 100 0.7071067811865475 0.7071067811865475 0.0
actors.Brick src/images/brick3.gif 80 30 300 100 0.7071067811865475 0.7071067811865475 0.0
actors.Brick src/images/brick4.gif 80 30 400 100 0.7071067811865475 0.7071067811865475 0.0
actors.Brick src/images/brick5.gif 80 30 500 100 0.7071067811865475 0.7071067811865475 0.0
actors.Brick src/images/brick6.gif 80 30 600 100 0.7071067811865475 0.7071067811865475 0.0
actors.Brick src/images/brick7.gif 80 30 700 100 0.7071067811865475 0.7071067811865475 0.0
actors.Brick src/images/brick8.gif 80 30 800 100 0.7071067811865475 0.7071067811865475 0.0
actors.BottomWall src/images/brick3.gif 960 16 480 666 0.7071067811865475 0.7071067811865475 0.0
update
actors.Ball src/images/ball.gif 16 16 304 274 -0.7071067811865475 -0.7071067811865475 10.0
actors.Paddle src/images/paddle.gif 80 16 580 600 0.7071067811865475 0.7071067811865475 0.0
actors.Brick src/images/brick1.gif 80 30 100 100 0.7071067811865475 0.7071067811865475 0.0
actors.Brick src/images/brick2.gif 80 30 200 100 0.7071067811865475 0.7071067811865475 0.0
actors.Brick src/images/brick3.gif 80 30 300 100 0.7071067811865475 0.7071067811865475 0.0
actors.Brick src/images/brick4.gif 80 30 400 100 0.7071067811865475 0.7071067811865475 0.0
actors.Brick src/images/brick5.gif 80 30 500 100 0.7071067811865475 0.7071067811865475 0.0
actors.Brick src/images/brick6.gif 80 30 600 100 0.7071067811865475 0.7071067811865475 0.0
actors.Brick src/images/brick7.gif 80 30 700 100 0.7071067811865475 0.7071067811865475 0.0
actors.Brick src/images/brick8.gif 80 30 800 100 0.7071067811865475 0.7071067811865475 0.0
actors.BottomWall src/images/brick3.gif 960 16 480 666 0.7071067811865475 0.7071067811865475 0.0
update
actors.Ball src/images/ball.gif 16 16 296 266 -0.7071067811865475 -0.7071067811865475 10.0
actors.Paddle src/images/paddle.gif 80 16 580 600 0.7071067811865475 0.7071067811865475 0.0
actors.Brick src/images/brick1.gif 80 30 100 100 0.7071067811865475 0.7071067811865475 0.0
actors.Brick src/images/brick2.gif 80 30 200 100 0.7071067811865475 0.7071067811865475 0.0
actors.Brick src/images/brick3.gif 80 30 300 100 0.7071067811865475 0.7071067811865475 0.0
actors.Brick src/images/brick4.gif 80 30 400 100 0.7071067811865475 0.7071067811865475 0.0
actors.Brick src/images/brick5.gif 80 30 500 100 0.7071067811865475 0.7071067811865475 0.0
actors.Brick src/images/brick6.gif 80 30 600 100 0.7071067811865475 0.7071067811865475 0.0
actors.Brick src/images/brick7.gif 80 30 700 100 0.7071067811865475 0.7071067811865475 0.0
actors.Brick src/images/brick8.gif 80 30 800 100 0.7071067811865475 0.7071067811865475 0.0
actors.BottomWall src/images/brick3.gif 960 16 480 666 0.7071067811865475 0.7071067811865475 0.0
update
actors.Ball src/images/ball.gif 16 16 288 258 -0.7071067811865475 -0.7071067811865475 10.0
actors.Paddle src/images/paddle.gif 80 16 580 600 0.7071067811865475 0.7071067811865475 0.0
actors.Brick src/images/brick1.gif 80 30 100 100 0.7071067811865475 0.7071067811865475 0.0
actors.Brick src/images/brick2.gif 80 30 200 100 0.7071067811865475 0.7071067811865475 0.0
actors.Brick src/images/brick3.gif 80 30 300 100 0.7071067811865475 0.7071067811865475 0.0
actors.Brick src/images/brick4.gif 80 30 400 100 0.7071067811865475 0.7071067811865475 0.0
actors.Brick src/images/brick5.gif 80 30 500 100 0.7071067811865475 0.7071067811865475 0.0
actors.Brick src/images/brick6.gif 80 30 600 100 0.7071067811865475 0.7071067811865475 0.0
actors.Brick src/images/brick7.gif 80 30 700 100 0.7071067811865475 0.7071067811865475 0.0
actors.Brick src/images/brick8.gif 80 30 800 100 0.7071067811865475 0.7071067811865475 0.0
actors.BottomWall src/images/brick3.gif 960 16 480 666 0.7071067811865475 0.7071067811865475 0.0
update
actors.Ball src/images/ball.gif 16 16 280 250 -0.7071067811865475 -0.7071067811865475 10.0
actors.Paddle src/images/paddle.gif 80 16 580 600 0.7071067811865475 0.7071067811865475 0.0
actors.Brick src/images/brick1.gif 80 30 100 100 0.7071067811865475 0.7071067811865475 0.0
actors.Brick src/images/brick2.gif 80 30 200 100 0.7071067811865475 0.7071067811865475 0.0
actors.Brick src/images/brick3.gif 80 30 300 100 0.7071067811865475 0.7071067811865475 0.0
actors.Brick src/images/brick4.gif 80 30 400 100 0.7071067811865475 0.7071067811865475 0.0
actors.Brick src/images/brick5.gif 80 30 500 100 0.7071067811865475 0.7071067811865475 0.0
actors.Brick src/images/brick6.gif 80 30 600 100 0.7071067811865475 0.7071067811865475 0.0
actors.Brick src/images/brick7.gif 80 30 700 100 0.7071067811865475 0.7071067811865475 0.0
actors.Brick src/images/brick8.gif 80 30 800 100 0.7071067811865475 0.7071067811865475 0.0
actors.BottomWall src/images/brick3.gif 960 16 480 666 0.7071067811865475 0.7071067811865475 0.0
update
actors.Ball src/images/ball.gif 16 16 272 242 -0.7071067811865475 -0.7071067811865475 10.0
actors.Paddle src/images/paddle.gif 80 16 580 600 0.7071067811865475 0.7071067811865475 0.0
actors.Brick src/images/brick1.gif 80 30 100 100 0.7071067811865475 0.7071067811865475 0.0
actors.Brick src/images/brick2.gif 80 30 200 100 0.7071067811865475 0.7071067811865475 0.0
actors.Brick src/images/brick3.gif 80 30 300 100 0.7071067811865475 0.7071067811865475 0.0
actors.Brick src/images/brick4.gif 80 30 400 100 0.7071067811865475 0.7071067811865475 0.0
actors.Brick src/images/brick5.gif 80 30 500 100 0.7071067811865475 0.7071067811865475 0.0
actors.Brick src/images/brick6.gif 80 30 600 100 0.7071067811865475 0.7071067811865475 0.0
actors.Brick src/images/brick7.gif 80 30 700 100 0.7071067811865475 0.7071067811865475 0.0
actors.Brick src/images/brick8.gif 80 30 800 100 0.7071067811865475 0.7071067811865475 0.0
actors.BottomWall src/images/brick3.gif 960 16 480 666 0.7071067811865475 0.7071067811865475 0.0
update
actors.Ball src/images/ball.gif 16 16 264 234 -0.7071067811865475 -0.7071067811865475 10.0
actors.Paddle src/images/paddle.gif 80 16 580 600 0.7071067811865475 0.7071067811865475 0.0
actors.Brick src/images/brick1.gif 80 30 100 100 0.7071067811865475 0.7071067811865475 0.0
actors.Brick src/images/brick2.gif 80 30 200 100 0.7071067811865475 0.7071067811865475 0.0
actors.Brick src/images/brick3.gif 80 30 300 100 0.7071067811865475 0.7071067811865475 0.0
actors.Brick src/images/brick4.gif 80 30 400 100 0.7071067811865475 0.7071067811865475 0.0
actors.Brick src/images/brick5.gif 80 30 500 100 0.7071067811865475 0.7071067811865475 0.0
actors.Brick src/images/brick6.gif 80 30 600 100 0.7071067811865475 0.7071067811865475 0.0
actors.Brick src/images/brick7.gif 80 30 700 100 0.7071067811865475 0.7071067811865475 0.0
actors.Brick src/images/brick8.gif 80 30 800 100 0.7071067811865475 0.7071067811865475 0.0
actors.BottomWall src/images/brick3.gif 960 16 480 666 0.7071067811865475 0.7071067811865475 0.0
update
actors.Ball src/images/ball.gif 16 16 256 226 -0.7071067811865475 -0.7071067811865475 10.0
actors.Paddle src/images/paddle.gif 80 16 580 600 0.7071067811865475 0.7071067811865475 0.0
actors.Brick src/images/brick1.gif 80 30 100 100 0.7071067811865475 0.7071067811865475 0.0
actors.Brick src/images/brick2.gif 80 30 200 100 0.7071067811865475 0.7071067811865475 0.0
actors.Brick src/images/brick3.gif 80 30 300 100 0.7071067811865475 0.7071067811865475 0.0
actors.Brick src/images/brick4.gif 80 30 400 100 0.7071067811865475 0.7071067811865475 0.0
actors.Brick src/images/brick5.gif 80 30 500 100 0.7071067811865475 0.7071067811865475 0.0
actors.Brick src/images/brick6.gif 80 30 600 100 0.7071067811865475 0.7071067811865475 0.0
actors.Brick src/images/brick7.gif 80 30 700 100 0.7071067811865475 0.7071067811865475 0.0
actors.Brick src/images/brick8.gif 80 30 800 100 0.7071067811865475 0.7071067811865475 0.0
actors.BottomWall src/images/brick3.gif 960 16 480 666 0.7071067811865475 0.7071067811865475 0.0
update
actors.Ball src/images/ball.gif 16 16 248 218 -0.7071067811865475 -0.7071067811865475 10.0
actors.Paddle src/images/paddle.gif 80 16 580 600 0.7071067811865475 0.7071067811865475 0.0
actors.Brick src/images/brick1.gif 80 30 100 100 0.7071067811865475 0.7071067811865475 0.0
actors.Brick src/images/brick2.gif 80 30 200 100 0.7071067811865475 0.7071067811865475 0.0
actors.Brick src/images/brick3.gif 80 30 300 100 0.7071067811865475 0.7071067811865475 0.0
actors.Brick src/images/brick4.gif 80 30 400 100 0.7071067811865475 0.7071067811865475 0.0
actors.Brick src/images/brick5.gif 80 30 500 100 0.7071067811865475 0.7071067811865475 0.0
actors.Brick src/images/brick6.gif 80 30 600 100 0.7071067811865475 0.7071067811865475 0.0
actors.Brick src/images/brick7.gif 80 30 700 100 0.7071067811865475 0.7071067811865475 0.0
actors.Brick src/images/brick8.gif 80 30 800 100 0.7071067811865475 0.7071067811865475 0.0
actors.BottomWall src/images/brick3.gif 960 16 480 666 0.7071067811865475 0.7071067811865475 0.0
update
actors.Ball src/images/ball.gif 16 16 240 210 -0.7071067811865475 -0.7071067811865475 10.0
actors.Paddle src/images/paddle.gif 80 16 580 600 0.7071067811865475 0.7071067811865475 0.0
actors.Brick src/images/brick1.gif 80 30 100 100 0.7071067811865475 0.7071067811865475 0.0
actors.Brick src/images/brick2.gif 80 30 200 100 0.7071067811865475 0.7071067811865475 0.0
actors.Brick src/images/brick3.gif 80 30 300 100 0.7071067811865475 0.7071067811865475 0.0
actors.Brick src/images/brick4.gif 80 30 400 100 0.7071067811865475 0.7071067811865475 0.0
actors.Brick src/images/brick5.gif 80 30 500 100 0.7071067811865475 0.7071067811865475 0.0
actors.Brick src/images/brick6.gif 80 30 600 100 0.7071067811865475 0.7071067811865475 0.0
actors.Brick src/images/brick7.gif 80 30 700 100 0.7071067811865475 0.7071067811865475 0.0
actors.Brick src/images/brick8.gif 80 30 800 100 0.7071067811865475 0.7071067811865475 0.0
actors.BottomWall src/images/brick3.gif 960 16 480 666 0.7071067811865475 0.7071067811865475 0.0
update
actors.Ball src/images/ball.gif 16 16 232 202 -0.7071067811865475 -0.7071067811865475 10.0
actors.Paddle src/images/paddle.gif 80 16 580 600 0.7071067811865475 0.7071067811865475 0.0
actors.Brick src/images/brick1.gif 80 30 100 100 0.7071067811865475 0.7071067811865475 0.0
actors.Brick src/images/brick2.gif 80 30 200 100 0.7071067811865475 0.7071067811865475 0.0
actors.Brick src/images/brick3.gif 80 30 300 100 0.7071067811865475 0.7071067811865475 0.0
actors.Brick src/images/brick4.gif 80 30 400 100 0.7071067811865475 0.7071067811865475 0.0
actors.Brick src/images/brick5.gif 80 30 500 100 0.7071067811865475 0.7071067811865475 0.0
actors.Brick src/images/brick6.gif 80 30 600 100 0.7071067811865475 0.7071067811865475 0.0
actors.Brick src/images/brick7.gif 80 30 700 100 0.7071067811865475 0.7071067811865475 0.0
actors.Brick src/images/brick8.gif 80 30 800 100 0.7071067811865475 0.7071067811865475 0.0
actors.BottomWall src/images/brick3.gif 960 16 480 666 0.7071067811865475 0.7071067811865475 0.0
update
actors.Ball src/images/ball.gif 16 16 224 194 -0.7071067811865475 -0.7071067811865475 10.0
actors.Paddle src/images/paddle.gif 80 16 580 600 0.7071067811865475 0.7071067811865475 0.0
actors.Brick src/images/brick1.gif 80 30 100 100 0.7071067811865475 0.7071067811865475 0.0
actors.Brick src/images/brick2.gif 80 30 200 100 0.7071067811865475 0.7071067811865475 0.0
actors.Brick src/images/brick3.gif 80 30 300 100 0.7071067811865475 0.7071067811865475 0.0
actors.Brick src/images/brick4.gif 80 30 400 100 0.7071067811865475 0.7071067811865475 0.0
actors.Brick src/images/brick5.gif 80 30 500 100 0.7071067811865475 0.7071067811865475 0.0
actors.Brick src/images/brick6.gif 80 30 600 100 0.7071067811865475 0.7071067811865475 0.0
actors.Brick src/images/brick7.gif 80 30 700 100 0.7071067811865475 0.7071067811865475 0.0
actors.Brick src/images/brick8.gif 80 30 800 100 0.7071067811865475 0.7071067811865475 0.0
actors.BottomWall src/images/brick3.gif 960 16 480 666 0.7071067811865475 0.7071067811865475 0.0
update
actors.Ball src/images/ball.gif 16 16 216 186 -0.7071067811865475 -0.7071067811865475 10.0
actors.Paddle src/images/paddle.gif 80 16 580 600 0.7071067811865475 0.7071067811865475 0.0
actors.Brick src/images/brick1.gif 80 30 100 100 0.7071067811865475 0.7071067811865475 0.0
actors.Brick src/images/brick2.gif 80 30 200 100 0.7071067811865475 0.7071067811865475 0.0
actors.Brick src/images/brick3.gif 80 30 300 100 0.7071067811865475 0.7071067811865475 0.0
actors.Brick src/images/brick4.gif 80 30 400 100 0.7071067811865475 0.7071067811865475 0.0
actors.Brick src/images/brick5.gif 80 30 500 100 0.7071067811865475 0.7071067811865475 0.0
actors.Brick src/images/brick6.gif 80 30 600 100 0.7071067811865475 0.7071067811865475 0.0
actors.Brick src/images/brick7.gif 80 30 700 100 0.7071067811865475 0.7071067811865475 0.0
actors.Brick src/images/brick8.gif 80 30 800 100 0.7071067811865475 0.7071067811865475 0.0
actors.BottomWall src/images/brick3.gif 960 16 480 666 0.7071067811865475 0.7071067811865475 0.0
update
actors.Ball src/images/ball.gif 16 16 208 178 -0.7071067811865475 -0.7071067811865475 10.0
actors.Paddle src/images/paddle.gif 80 16 570 600 0.7071067811865475 0.7071067811865475 0.0
actors.Brick src/images/brick1.gif 80 30 100 100 0.7071067811865475 0.7071067811865475 0.0
actors.Brick src/images/brick2.gif 80 30 200 100 0.7071067811865475 0.7071067811865475 0.0
actors.Brick src/images/brick3.gif 80 30 300 100 0.7071067811865475 0.7071067811865475 0.0
actors.Brick src/images/brick4.gif 80 30 400 100 0.7071067811865475 0.7071067811865475 0.0
actors.Brick src/images/brick5.gif 80 30 500 100 0.7071067811865475 0.7071067811865475 0.0
actors.Brick src/images/brick6.gif 80 30 600 100 0.7071067811865475 0.7071067811865475 0.0
actors.Brick src/images/brick7.gif 80 30 700 100 0.7071067811865475 0.7071067811865475 0.0
actors.Brick src/images/brick8.gif 80 30 800 100 0.7071067811865475 0.7071067811865475 0.0
actors.BottomWall src/images/brick3.gif 960 16 480 666 0.7071067811865475 0.7071067811865475 0.0
update
actors.Ball src/images/ball.gif 16 16 200 170 -0.7071067811865475 -0.7071067811865475 10.0
actors.Paddle src/images/paddle.gif 80 16 560 600 0.7071067811865475 0.7071067811865475 0.0
actors.Brick src/images/brick1.gif 80 30 100 100 0.7071067811865475 0.7071067811865475 0.0
actors.Brick src/images/brick2.gif 80 30 200 100 0.7071067811865475 0.7071067811865475 0.0
actors.Brick src/images/brick3.gif 80 30 300 100 0.7071067811865475 0.7071067811865475 0.0
actors.Brick src/images/brick4.gif 80 30 400 100 0.7071067811865475 0.7071067811865475 0.0
actors.Brick src/images/brick5.gif 80 30 500 100 0.7071067811865475 0.7071067811865475 0.0
actors.Brick src/images/brick6.gif 80 30 600 100 0.7071067811865475 0.7071067811865475 0.0
actors.Brick src/images/brick7.gif 80 30 700 100 0.7071067811865475 0.7071067811865475 0.0
actors.Brick src/images/brick8.gif 80 30 800 100 0.7071067811865475 0.7071067811865475 0.0
actors.BottomWall src/images/brick3.gif 960 16 480 666 0.7071067811865475 0.7071067811865475 0.0
update
actors.Ball src/images/ball.gif 16 16 192 162 -0.7071067811865475 -0.7071067811865475 10.0
actors.Paddle src/images/paddle.gif 80 16 550 600 0.7071067811865475 0.7071067811865475 0.0
actors.Brick src/images/brick1.gif 80 30 100 100 0.7071067811865475 0.7071067811865475 0.0
actors.Brick src/images/brick2.gif 80 30 200 100 0.7071067811865475 0.7071067811865475 0.0
actors.Brick src/images/brick3.gif 80 30 300 100 0.7071067811865475 0.7071067811865475 0.0
actors.Brick src/images/brick4.gif 80 30 400 100 0.7071067811865475 0.7071067811865475 0.0
actors.Brick src/images/brick5.gif 80 30 500 100 0.7071067811865475 0.7071067811865475 0.0
actors.Brick src/images/brick6.gif 80 30 600 100 0.7071067811865475 0.7071067811865475 0.0
actors.Brick src/images/brick7.gif 80 30 700 100 0.7071067811865475 0.7071067811865475 0.0
actors.Brick src/images/brick8.gif 80 30 800 100 0.7071067811865475 0.7071067811865475 0.0
actors.BottomWall src/images/brick3.gif 960 16 480 666 0.7071067811865475 0.7071067811865475 0.0
update
actors.Ball src/images/ball.gif 16 16 184 154 -0.7071067811865475 -0.7071067811865475 10.0
actors.Paddle src/images/paddle.gif 80 16 540 600 0.7071067811865475 0.7071067811865475 0.0
actors.Brick src/images/brick1.gif 80 30 100 100 0.7071067811865475 0.7071067811865475 0.0
actors.Brick src/images/brick2.gif 80 30 200 100 0.7071067811865475 0.7071067811865475 0.0
actors.Brick src/images/brick3.gif 80 30 300 100 0.7071067811865475 0.7071067811865475 0.0
actors.Brick src/images/brick4.gif 80 30 400 100 0.7071067811865475 0.7071067811865475 0.0
actors.Brick src/images/brick5.gif 80 30 500 100 0.7071067811865475 0.7071067811865475 0.0
actors.Brick src/images/brick6.gif 80 30 600 100 0.7071067811865475 0.7071067811865475 0.0
actors.Brick src/images/brick7.gif 80 30 700 100 0.7071067811865475 0.7071067811865475 0.0
actors.Brick src/images/brick8.gif 80 30 800 100 0.7071067811865475 0.7071067811865475 0.0
actors.BottomWall src/images/brick3.gif 960 16 480 666 0.7071067811865475 0.7071067811865475 0.0
update
actors.Ball src/images/ball.gif 16 16 176 146 -0.7071067811865475 -0.7071067811865475 10.0
actors.Paddle src/images/paddle.gif 80 16 530 600 0.7071067811865475 0.7071067811865475 0.0
actors.Brick src/images/brick1.gif 80 30 100 100 0.7071067811865475 0.7071067811865475 0.0
actors.Brick src/images/brick2.gif 80 30 200 100 0.7071067811865475 0.7071067811865475 0.0
actors.Brick src/images/brick3.gif 80 30 300 100 0.7071067811865475 0.7071067811865475 0.0
actors.Brick src/images/brick4.gif 80 30 400 100 0.7071067811865475 0.7071067811865475 0.0
actors.Brick src/images/brick5.gif 80 30 500 100 0.7071067811865475 0.7071067811865475 0.0
actors.Brick src/images/brick6.gif 80 30 600 100 0.7071067811865475 0.7071067811865475 0.0
actors.Brick src/images/brick7.gif 80 30 700 100 0.7071067811865475 0.7071067811865475 0.0
actors.Brick src/images/brick8.gif 80 30 800 100 0.7071067811865475 0.7071067811865475 0.0
actors.BottomWall src/images/brick3.gif 960 16 480 666 0.7071067811865475 0.7071067811865475 0.0
update
actors.Ball src/images/ball.gif 16 16 168 138 -0.7071067811865475 -0.7071067811865475 10.0
actors.Paddle src/images/paddle.gif 80 16 520 600 0.7071067811865475 0.7071067811865475 0.0
actors.Brick src/images/brick1.gif 80 30 100 100 0.7071067811865475 0.7071067811865475 0.0
actors.Brick src/images/brick2.gif 80 30 200 100 0.7071067811865475 0.7071067811865475 0.0
actors.Brick src/images/brick3.gif 80 30 300 100 0.7071067811865475 0.7071067811865475 0.0
actors.Brick src/images/brick4.gif 80 30 400 100 0.7071067811865475 0.7071067811865475 0.0
actors.Brick src/images/brick5.gif 80 30 500 100 0.7071067811865475 0.7071067811865475 0.0
actors.Brick src/images/brick6.gif 80 30 600 100 0.7071067811865475 0.7071067811865475 0.0
actors.Brick src/images/brick7.gif 80 30 700 100 0.7071067811865475 0.7071067811865475 0.0
actors.Brick src/images/brick8.gif 80 30 800 100 0.7071067811865475 0.7071067811865475 0.0
actors.BottomWall src/images/brick3.gif 960 16 480 666 0.7071067811865475 0.7071067811865475 0.0
update
actors.Ball src/images/ball.gif 16 16 160 130 -0.7071067811865475 -0.7071067811865475 10.0
actors.Paddle src/images/paddle.gif 80 16 510 600 0.7071067811865475 0.7071067811865475 0.0
actors.Brick src/images/brick1.gif 80 30 100 100 0.7071067811865475 0.7071067811865475 0.0
actors.Brick src/images/brick2.gif 80 30 200 100 0.7071067811865475 0.7071067811865475 0.0
actors.Brick src/images/brick3.gif 80 30 300 100 0.7071067811865475 0.7071067811865475 0.0
actors.Brick src/images/brick4.gif 80 30 400 100 0.7071067811865475 0.7071067811865475 0.0
actors.Brick src/images/brick5.gif 80 30 500 100 0.7071067811865475 0.7071067811865475 0.0
actors.Brick src/images/brick6.gif 80 30 600 100 0.7071067811865475 0.7071067811865475 0.0
actors.Brick src/images/brick7.gif 80 30 700 100 0.7071067811865475 0.7071067811865475 0.0
actors.Brick src/images/brick8.gif 80 30 800 100 0.7071067811865475 0.7071067811865475 0.0
actors.BottomWall src/images/brick3.gif 960 16 480 666 0.7071067811865475 0.7071067811865475 0.0
update
actors.Ball src/images/ball.gif 16 16 152 122 -0.7071067811865475 -0.7071067811865475 10.0
actors.Paddle src/images/paddle.gif 80 16 500 600 0.7071067811865475 0.7071067811865475 0.0
actors.Brick src/images/brick1.gif 80 30 100 100 0.7071067811865475 0.7071067811865475 0.0
actors.Brick src/images/brick2.gif 80 30 200 100 0.7071067811865475 0.7071067811865475 0.0
actors.Brick src/images/brick3.gif 80 30 300 100 0.7071067811865475 0.7071067811865475 0.0
actors.Brick src/images/brick4.gif 80 30 400 100 0.7071067811865475 0.7071067811865475 0.0
actors.Brick src/images/brick5.gif 80 30 500 100 0.7071067811865475 0.7071067811865475 0.0
actors.Brick src/images/brick6.gif 80 30 600 100 0.7071067811865475 0.7071067811865475 0.0
actors.Brick src/images/brick7.gif 80 30 700 100 0.7071067811865475 0.7071067811865475 0.0
actors.Brick src/images/brick8.gif 80 30 800 100 0.7071067811865475 0.7071067811865475 0.0
actors.BottomWall src/images/brick3.gif 960 16 480 666 0.7071067811865475 0.7071067811865475 0.0
update
actors.Ball src/images/ball.gif 16 16 136 106 -0.7071067811865475 -0.7071067811865475 10.0
actors.Paddle src/images/paddle.gif 80 16 490 600 0.7071067811865475 0.7071067811865475 0.0
actors.Brick src/images/brick1.gif 80 30 100 100 0.7071067811865475 0.7071067811865475 0.0
actors.Brick src/images/brick2.gif 80 30 200 100 0.7071067811865475 0.7071067811865475 0.0
actors.Brick src/images/brick3.gif 80 30 300 100 0.7071067811865475 0.7071067811865475 0.0
actors.Brick src/images/brick4.gif 80 30 400 100 0.7071067811865475 0.7071067811865475 0.0
actors.Brick src/images/brick5.gif 80 30 500 100 0.7071067811865475 0.7071067811865475 0.0
actors.Brick src/images/brick6.gif 80 30 600 100 0.7071067811865475 0.7071067811865475 0.0
actors.Brick src/images/brick7.gif 80 30 700 100 0.7071067811865475 0.7071067811865475 0.0
actors.Brick src/images/brick8.gif 80 30 800 100 0.7071067811865475 0.7071067811865475 0.0
actors.BottomWall src/images/brick3.gif 960 16 480 666 0.7071067811865475 0.7071067811865475 0.0
update
actors.Ball src/images/ball.gif 16 16 135 90 0.7071067811865476 -0.7071067811865476 10.0
actors.Paddle src/images/paddle.gif 80 16 480 600 0.7071067811865475 0.7071067811865475 0.0
actors.Brick src/images/brick2.gif 80 30 200 100 0.7071067811865475 0.7071067811865475 0.0
actors.Brick src/images/brick3.gif 80 30 300 100 0.7071067811865475 0.7071067811865475 0.0
actors.Brick src/images/brick4.gif 80 30 400 100 0.7071067811865475 0.7071067811865475 0.0
actors.Brick src/images/brick5.gif 80 30 500 100 0.7071067811865475 0.7071067811865475 0.0
actors.Brick src/images/brick6.gif 80 30 600 100 0.7071067811865475 0.7071067811865475 0.0
actors.Brick src/images/brick7.gif 80 30 700 100 0.7071067811865475 0.7071067811865475 0.0
actors.Brick src/images/brick8.gif 80 30 800 100 0.7071067811865475 0.7071067811865475 0.0
actors.BottomWall src/images/brick3.gif 960 16 480 666 0.7071067811865475 0.7071067811865475 0.0
update
actors.Ball src/images/ball.gif 16 16 142 82 0.7071067811865476 -0.7071067811865476 10.0
actors.Paddle src/images/paddle.gif 80 16 470 600 0.7071067811865475 0.7071067811865475 0.0
actors.Brick src/images/brick2.gif 80 30 200 100 0.7071067811865475 0.7071067811865475 0.0
actors.Brick src/images/brick3.gif 80 30 300 100 0.7071067811865475 0.7071067811865475 0.0
actors.Brick src/images/brick4.gif 80 30 400 100 0.7071067811865475 0.7071067811865475 0.0
actors.Brick src/images/brick5.gif 80 30 500 100 0.7071067811865475 0.7071067811865475 0.0
actors.Brick src/images/brick6.gif 80 30 600 100 0.7071067811865475 0.7071067811865475 0.0
actors.Brick src/images/brick7.gif 80 30 700 100 0.7071067811865475 0.7071067811865475 0.0
actors.Brick src/images/brick8.gif 80 30 800 100 0.7071067811865475 0.7071067811865475 0.0
actors.BottomWall src/images/brick3.gif 960 16 480 666 0.7071067811865475 0.7071067811865475 0.0
update
actors.Ball src/images/ball.gif 16 16 149 74 0.7071067811865476 -0.7071067811865476 10.0
actors.Paddle src/images/paddle.gif 80 16 460 600 0.7071067811865475 0.7071067811865475 0.0
actors.Brick src/images/brick2.gif 80 30 200 100 0.7071067811865475 0.7071067811865475 0.0
actors.Brick src/images/brick3.gif 80 30 300 100 0.7071067811865475 0.7071067811865475 0.0
actors.Brick src/images/brick4.gif 80 30 400 100 0.7071067811865475 0.7071067811865475 0.0
actors.Brick src/images/brick5.gif 80 30 500 100 0.7071067811865475 0.7071067811865475 0.0
actors.Brick src/images/brick6.gif 80 30 600 100 0.7071067811865475 0.7071067811865475 0.0
actors.Brick src/images/brick7.gif 80 30 700 100 0.7071067811865475 0.7071067811865475 0.0
actors.Brick src/images/brick8.gif 80 30 800 100 0.7071067811865475 0.7071067811865475 0.0
actors.BottomWall src/images/brick3.gif 960 16 480 666 0.7071067811865475 0.7071067811865475 0.0
update
actors.Ball src/images/ball.gif 16 16 156 66 0.7071067811865476 -0.7071067811865476 10.0
actors.Paddle src/images/paddle.gif 80 16 450 600 0.7071067811865475 0.7071067811865475 0.0
actors.Brick src/images/brick2.gif 80 30 200 100 0.7071067811865475 0.7071067811865475 0.0
actors.Brick src/images/brick3.gif 80 30 300 100 0.7071067811865475 0.7071067811865475 0.0
actors.Brick src/images/brick4.gif 80 30 400 100 0.7071067811865475 0.7071067811865475 0.0
actors.Brick src/images/brick5.gif 80 30 500 100 0.7071067811865475 0.7071067811865475 0.0
actors.Brick src/images/brick6.gif 80 30 600 100 0.7071067811865475 0.7071067811865475 0.0
actors.Brick src/images/brick7.gif 80 30 700 100 0.7071067811865475 0.7071067811865475 0.0
actors.Brick src/images/brick8.gif 80 30 800 100 0.7071067811865475 0.7071067811865475 0.0
actors.BottomWall src/images/brick3.gif 960 16 480 666 0.7071067811865475 0.7071067811865475 0.0
update
actors.Ball src/images/ball.gif 16 16 163 58 0.7071067811865476 -0.7071067811865476 10.0
actors.Paddle src/images/paddle.gif 80 16 440 600 0.7071067811865475 0.7071067811865475 0.0
actors.Brick src/images/brick2.gif 80 30 200 100 0.7071067811865475 0.7071067811865475 0.0
actors.Brick src/images/brick3.gif 80 30 300 100 0.7071067811865475 0.7071067811865475 0.0
actors.Brick src/images/brick4.gif 80 30 400 100 0.7071067811865475 0.7071067811865475 0.0
actors.Brick src/images/brick5.gif 80 30 500 100 0.7071067811865475 0.7071067811865475 0.0
actors.Brick src/images/brick6.gif 80 30 600 100 0.7071067811865475 0.7071067811865475 0.0
actors.Brick src/images/brick7.gif 80 30 700 100 0.7071067811865475 0.7071067811865475 0.0
actors.Brick src/images/brick8.gif 80 30 800 100 0.7071067811865475 0.7071067811865475 0.0
actors.BottomWall src/images/brick3.gif 960 16 480 666 0.7071067811865475 0.7071067811865475 0.0
update
actors.Ball src/images/ball.gif 16 16 170 50 0.7071067811865476 -0.7071067811865476 10.0
actors.Paddle src/images/paddle.gif 80 16 440 600 0.7071067811865475 0.7071067811865475 0.0
actors.Brick src/images/brick2.gif 80 30 200 100 0.7071067811865475 0.7071067811865475 0.0
actors.Brick src/images/brick3.gif 80 30 300 100 0.7071067811865475 0.7071067811865475 0.0
actors.Brick src/images/brick4.gif 80 30 400 100 0.7071067811865475 0.7071067811865475 0.0
actors.Brick src/images/brick5.gif 80 30 500 100 0.7071067811865475 0.7071067811865475 0.0
actors.Brick src/images/brick6.gif 80 30 600 100 0.7071067811865475 0.7071067811865475 0.0
actors.Brick src/images/brick7.gif 80 30 700 100 0.7071067811865475 0.7071067811865475 0.0
actors.Brick src/images/brick8.gif 80 30 800 100 0.7071067811865475 0.7071067811865475 0.0
actors.BottomWall src/images/brick3.gif 960 16 480 666 0.7071067811865475 0.7071067811865475 0.0
update
actors.Ball src/images/ball.gif 16 16 177 42 0.7071067811865476 -0.7071067811865476 10.0
actors.Paddle src/images/paddle.gif 80 16 440 600 0.7071067811865475 0.7071067811865475 0.0
actors.Brick src/images/brick2.gif 80 30 200 100 0.7071067811865475 0.7071067811865475 0.0
actors.Brick src/images/brick3.gif 80 30 300 100 0.7071067811865475 0.7071067811865475 0.0
actors.Brick src/images/brick4.gif 80 30 400 100 0.7071067811865475 0.7071067811865475 0.0
actors.Brick src/images/brick5.gif 80 30 500 100 0.7071067811865475 0.7071067811865475 0.0
actors.Brick src/images/brick6.gif 80 30 600 100 0.7071067811865475 0.7071067811865475 0.0
actors.Brick src/images/brick7.gif 80 30 700 100 0.7071067811865475 0.7071067811865475 0.0
actors.Brick src/images/brick8.gif 80 30 800 100 0.7071067811865475 0.7071067811865475 0.0
actors.BottomWall src/images/brick3.gif 960 16 480 666 0.7071067811865475 0.7071067811865475 0.0
update
actors.Ball src/images/ball.gif 16 16 184 34 0.7071067811865476 -0.7071067811865476 10.0
actors.Paddle src/images/paddle.gif 80 16 440 600 0.7071067811865475 0.7071067811865475 0.0
actors.Brick src/images/brick2.gif 80 30 200 100 0.7071067811865475 0.7071067811865475 0.0
actors.Brick src/images/brick3.gif 80 30 300 100 0.7071067811865475 0.7071067811865475 0.0
actors.Brick src/images/brick4.gif 80 30 400 100 0.7071067811865475 0.7071067811865475 0.0
actors.Brick src/images/brick5.gif 80 30 500 100 0.7071067811865475 0.7071067811865475 0.0
actors.Brick src/images/brick6.gif 80 30 600 100 0.7071067811865475 0.7071067811865475 0.0
actors.Brick src/images/brick7.gif 80 30 700 100 0.7071067811865475 0.7071067811865475 0.0
actors.Brick src/images/brick8.gif 80 30 800 100 0.7071067811865475 0.7071067811865475 0.0
actors.BottomWall src/images/brick3.gif 960 16 480 666 0.7071067811865475 0.7071067811865475 0.0
update
actors.Ball src/images/ball.gif 16 16 191 26 0.7071067811865476 -0.7071067811865476 10.0
actors.Paddle src/images/paddle.gif 80 16 440 600 0.7071067811865475 0.7071067811865475 0.0
actors.Brick src/images/brick2.gif 80 30 200 100 0.7071067811865475 0.7071067811865475 0.0
actors.Brick src/images/brick3.gif 80 30 300 100 0.7071067811865475 0.7071067811865475 0.0
actors.Brick src/images/brick4.gif 80 30 400 100 0.7071067811865475 0.7071067811865475 0.0
actors.Brick src/images/brick5.gif 80 30 500 100 0.7071067811865475 0.7071067811865475 0.0
actors.Brick src/images/brick6.gif 80 30 600 100 0.7071067811865475 0.7071067811865475 0.0
actors.Brick src/images/brick7.gif 80 30 700 100 0.7071067811865475 0.7071067811865475 0.0
actors.Brick src/images/brick8.gif 80 30 800 100 0.7071067811865475 0.7071067811865475 0.0
actors.BottomWall src/images/brick3.gif 960 16 480 666 0.7071067811865475 0.7071067811865475 0.0
update
actors.Ball src/images/ball.gif 16 16 198 18 0.7071067811865476 -0.7071067811865476 10.0
actors.Paddle src/images/paddle.gif 80 16 440 600 0.7071067811865475 0.7071067811865475 0.0
actors.Brick src/images/brick2.gif 80 30 200 100 0.7071067811865475 0.7071067811865475 0.0
actors.Brick src/images/brick3.gif 80 30 300 100 0.7071067811865475 0.7071067811865475 0.0
actors.Brick src/images/brick4.gif 80 30 400 100 0.7071067811865475 0.7071067811865475 0.0
actors.Brick src/images/brick5.gif 80 30 500 100 0.7071067811865475 0.7071067811865475 0.0
actors.Brick src/images/brick6.gif 80 30 600 100 0.7071067811865475 0.7071067811865475 0.0
actors.Brick src/images/brick7.gif 80 30 700 100 0.7071067811865475 0.7071067811865475 0.0
actors.Brick src/images/brick8.gif 80 30 800 100 0.7071067811865475 0.7071067811865475 0.0
actors.BottomWall src/images/brick3.gif 960 16 480 666 0.7071067811865475 0.7071067811865475 0.0
update
actors.Ball src/images/ball.gif 16 16 205 10 0.7071067811865476 -0.7071067811865476 10.0
actors.Paddle src/images/paddle.gif 80 16 440 600 0.7071067811865475 0.7071067811865475 0.0
actors.Brick src/images/brick2.gif 80 30 200 100 0.7071067811865475 0.7071067811865475 0.0
actors.Brick src/images/brick3.gif 80 30 300 100 0.7071067811865475 0.7071067811865475 0.0
actors.Brick src/images/brick4.gif 80 30 400 100 0.7071067811865475 0.7071067811865475 0.0
actors.Brick src/images/brick5.gif 80 30 500 100 0.7071067811865475 0.7071067811865475 0.0
actors.Brick src/images/brick6.gif 80 30 600 100 0.7071067811865475 0.7071067811865475 0.0
actors.Brick src/images/brick7.gif 80 30 700 100 0.7071067811865475 0.7071067811865475 0.0
actors.Brick src/images/brick8.gif 80 30 800 100 0.7071067811865475 0.7071067811865475 0.0
actors.BottomWall src/images/brick3.gif 960 16 480 666 0.7071067811865475 0.7071067811865475 0.0
update
actors.Ball src/images/ball.gif 16 16 204 -5 -0.7071067811865476 -0.7071067811865476 10.0
actors.Paddle src/images/paddle.gif 80 16 450 600 0.7071067811865475 0.7071067811865475 0.0
actors.Brick src/images/brick2.gif 80 30 200 100 0.7071067811865475 0.7071067811865475 0.0
actors.Brick src/images/brick3.gif 80 30 300 100 0.7071067811865475 0.7071067811865475 0.0
actors.Brick src/images/brick4.gif 80 30 400 100 0.7071067811865475 0.7071067811865475 0.0
actors.Brick src/images/brick5.gif 80 30 500 100 0.7071067811865475 0.7071067811865475 0.0
actors.Brick src/images/brick6.gif 80 30 600 100 0.7071067811865475 0.7071067811865475 0.0
actors.Brick src/images/brick7.gif 80 30 700 100 0.7071067811865475 0.7071067811865475 0.0
actors.Brick src/images/brick8.gif 80 30 800 100 0.7071067811865475 0.7071067811865475 0.0
actors.BottomWall src/images/brick3.gif 960 16 480 666 0.7071067811865475 0.7071067811865475 0.0
update
actors.Ball src/images/ball.gif 16 16 203 -19 0.7071067811865476 -0.7071067811865476 10.0
actors.Paddle src/images/paddle.gif 80 16 460 600 0.7071067811865475 0.7071067811865475 0.0
actors.Brick src/images/brick2.gif 80 30 200 100 0.7071067811865475 0.7071067811865475 0.0
actors.Brick src/images/brick3.gif 80 30 300 100 0.7071067811865475 0.7071067811865475 0.0
actors.Brick src/images/brick4.gif 80 30 400 100 0.7071067811865475 0.7071067811865475 0.0
actors.Brick src/images/brick5.gif 80 30 500 100 0.7071067811865475 0.7071067811865475 0.0
actors.Brick src/images/brick6.gif 80 30 600 100 0.7071067811865475 0.7071067811865475 0.0
actors.Brick src/images/brick7.gif 80 30 700 100 0.7071067811865475 0.7071067811865475 0.0
actors.Brick src/images/brick8.gif 80 30 800 100 0.7071067811865475 0.7071067811865475 0.0
actors.BottomWall src/images/brick3.gif 960 16 480 666 0.7071067811865475 0.7071067811865475 0.0
update
actors.Ball src/images/ball.gif 16 16 210 -26 0.7071067811865476 -0.7071067811865476 10.0
actors.Paddle src/images/paddle.gif 80 16 470 600 0.7071067811865475 0.7071067811865475 0.0
actors.Brick src/images/brick2.gif 80 30 200 100 0.7071067811865475 0.7071067811865475 0.0
actors.Brick src/images/brick3.gif 80 30 300 100 0.7071067811865475 0.7071067811865475 0.0
actors.Brick src/images/brick4.gif 80 30 400 100 0.7071067811865475 0.7071067811865475 0.0
actors.Brick src/images/brick5.gif 80 30 500 100 0.7071067811865475 0.7071067811865475 0.0
actors.Brick src/images/brick6.gif 80 30 600 100 0.7071067811865475 0.7071067811865475 0.0
actors.Brick src/images/brick7.gif 80 30 700 100 0.7071067811865475 0.7071067811865475 0.0
actors.Brick src/images/brick8.gif 80 30 800 100 0.7071067811865475 0.7071067811865475 0.0
actors.BottomWall src/images/brick3.gif 960 16 480 666 0.7071067811865475 0.7071067811865475 0.0
update
actors.Ball src/images/ball.gif 16 16 217 -33 0.7071067811865476 -0.7071067811865476 10.0
actors.Paddle src/images/paddle.gif 80 16 480 600 0.7071067811865475 0.7071067811865475 0.0
actors.Brick src/images/brick2.gif 80 30 200 100 0.7071067811865475 0.7071067811865475 0.0
actors.Brick src/images/brick3.gif 80 30 300 100 0.7071067811865475 0.7071067811865475 0.0
actors.Brick src/images/brick4.gif 80 30 400 100 0.7071067811865475 0.7071067811865475 0.0
actors.Brick src/images/brick5.gif 80 30 500 100 0.7071067811865475 0.7071067811865475 0.0
actors.Brick src/images/brick6.gif 80 30 600 100 0.7071067811865475 0.7071067811865475 0.0
actors.Brick src/images/brick7.gif 80 30 700 100 0.7071067811865475 0.7071067811865475 0.0
actors.Brick src/images/brick8.gif 80 30 800 100 0.7071067811865475 0.7071067811865475 0.0
actors.BottomWall src/images/brick3.gif 960 16 480 666 0.7071067811865475 0.7071067811865475 0.0
update
actors.Ball src/images/ball.gif 16 16 224 -40 0.7071067811865476 -0.7071067811865476 10.0
actors.Paddle src/images/paddle.gif 80 16 490 600 0.7071067811865475 0.7071067811865475 0.0
actors.Brick src/images/brick2.gif 80 30 200 100 0.7071067811865475 0.7071067811865475 0.0
actors.Brick src/images/brick3.gif 80 30 300 100 0.7071067811865475 0.7071067811865475 0.0
actors.Brick src/images/brick4.gif 80 30 400 100 0.7071067811865475 0.7071067811865475 0.0
actors.Brick src/images/brick5.gif 80 30 500 100 0.7071067811865475 0.7071067811865475 0.0
actors.Brick src/images/brick6.gif 80 30 600 100 0.7071067811865475 0.7071067811865475 0.0
actors.Brick src/images/brick7.gif 80 30 700 100 0.7071067811865475 0.7071067811865475 0.0
actors.Brick src/images/brick8.gif 80 30 800 100 0.7071067811865475 0.7071067811865475 0.0
actors.BottomWall src/images/brick3.gif 960 16 480 666 0.7071067811865475 0.7071067811865475 0.0
update
actors.Ball src/images/ball.gif 16 16 231 -47 0.7071067811865476 -0.7071067811865476 10.0
actors.Paddle src/images/paddle.gif 80 16 500 600 0.7071067811865475 0.7071067811865475 0.0
actors.Brick src/images/brick2.gif 80 30 200 100 0.7071067811865475 0.7071067811865475 0.0
actors.Brick src/images/brick3.gif 80 30 300 100 0.7071067811865475 0.7071067811865475 0.0
actors.Brick src/images/brick4.gif 80 30 400 100 0.7071067811865475 0.7071067811865475 0.0
actors.Brick src/images/brick5.gif 80 30 500 100 0.7071067811865475 0.7071067811865475 0.0
actors.Brick src/images/brick6.gif 80 30 600 100 0.7071067811865475 0.7071067811865475 0.0
actors.Brick src/images/brick7.gif 80 30 700 100 0.7071067811865475 0.7071067811865475 0.0
actors.Brick src/images/brick8.gif 80 30 800 100 0.7071067811865475 0.7071067811865475 0.0
actors.BottomWall src/images/brick3.gif 960 16 480 666 0.7071067811865475 0.7071067811865475 0.0
update
actors.Ball src/images/ball.gif 16 16 238 -54 0.7071067811865476 -0.7071067811865476 10.0
actors.Paddle src/images/paddle.gif 80 16 510 600 0.7071067811865475 0.7071067811865475 0.0
actors.Brick src/images/brick2.gif 80 30 200 100 0.7071067811865475 0.7071067811865475 0.0
actors.Brick src/images/brick3.gif 80 30 300 100 0.7071067811865475 0.7071067811865475 0.0
actors.Brick src/images/brick4.gif 80 30 400 100 0.7071067811865475 0.7071067811865475 0.0
actors.Brick src/images/brick5.gif 80 30 500 100 0.7071067811865475 0.7071067811865475 0.0
actors.Brick src/images/brick6.gif 80 30 600 100 0.7071067811865475 0.7071067811865475 0.0
actors.Brick src/images/brick7.gif 80 30 700 100 0.7071067811865475 0.7071067811865475 0.0
actors.Brick src/images/brick8.gif 80 30 800 100 0.7071067811865475 0.7071067811865475 0.0
actors.BottomWall src/images/brick3.gif 960 16 480 666 0.7071067811865475 0.7071067811865475 0.0
update
actors.Ball src/images/ball.gif 16 16 245 -61 0.7071067811865476 -0.7071067811865476 10.0
actors.Paddle src/images/paddle.gif 80 16 520 600 0.7071067811865475 0.7071067811865475 0.0
actors.Brick src/images/brick2.gif 80 30 200 100 0.7071067811865475 0.7071067811865475 0.0
actors.Brick src/images/brick3.gif 80 30 300 100 0.7071067811865475 0.7071067811865475 0.0
actors.Brick src/images/brick4.gif 80 30 400 100 0.7071067811865475 0.7071067811865475 0.0
actors.Brick src/images/brick5.gif 80 30 500 100 0.7071067811865475 0.7071067811865475 0.0
actors.Brick src/images/brick6.gif 80 30 600 100 0.7071067811865475 0.7071067811865475 0.0
actors.Brick src/images/brick7.gif 80 30 700 100 0.7071067811865475 0.7071067811865475 0.0
actors.Brick src/images/brick8.gif 80 30 800 100 0.7071067811865475 0.7071067811865475 0.0
actors.BottomWall src/images/brick3.gif 960 16 480 666 0.7071067811865475 0.7071067811865475 0.0
update
actors.Ball src/images/ball.gif 16 16 252 -68 0.7071067811865476 -0.7071067811865476 10.0
actors.Paddle src/images/paddle.gif 80 16 530 600 0.7071067811865475 0.7071067811865475 0.0
actors.Brick src/images/brick2.gif 80 30 200 100 0.7071067811865475 0.7071067811865475 0.0
actors.Brick src/images/brick3.gif 80 30 300 100 0.7071067811865475 0.7071067811865475 0.0
actors.Brick src/images/brick4.gif 80 30 400 100 0.7071067811865475 0.7071067811865475 0.0
actors.Brick src/images/brick5.gif 80 30 500 100 0.7071067811865475 0.7071067811865475 0.0
actors.Brick src/images/brick6.gif 80 30 600 100 0.7071067811865475 0.7071067811865475 0.0
actors.Brick src/images/brick7.gif 80 30 700 100 0.7071067811865475 0.7071067811865475 0.0
actors.Brick src/images/brick8.gif 80 30 800 100 0.7071067811865475 0.7071067811865475 0.0
actors.BottomWall src/images/brick3.gif 960 16 480 666 0.7071067811865475 0.7071067811865475 0.0
update
actors.Ball src/images/ball.gif 16 16 259 -75 0.7071067811865476 -0.7071067811865476 10.0
actors.Paddle src/images/paddle.gif 80 16 540 600 0.7071067811865475 0.7071067811865475 0.0
actors.Brick src/images/brick2.gif 80 30 200 100 0.7071067811865475 0.7071067811865475 0.0
actors.Brick src/images/brick3.gif 80 30 300 100 0.7071067811865475 0.7071067811865475 0.0
actors.Brick src/images/brick4.gif 80 30 400 100 0.7071067811865475 0.7071067811865475 0.0
actors.Brick src/images/brick5.gif 80 30 500 100 0.7071067811865475 0.7071067811865475 0.0
actors.Brick src/images/brick6.gif 80 30 600 100 0.7071067811865475 0.7071067811865475 0.0
actors.Brick src/images/brick7.gif 80 30 700 100 0.7071067811865475 0.7071067811865475 0.0
actors.Brick src/images/brick8.gif 80 30 800 100 0.7071067811865475 0.7071067811865475 0.0
actors.BottomWall src/images/brick3.gif 960 16 480 666 0.7071067811865475 0.7071067811865475 0.0
update
actors.Ball src/images/ball.gif 16 16 266 -82 0.7071067811865476 -0.7071067811865476 10.0
actors.Paddle src/images/paddle.gif 80 16 540 600 0.7071067811865475 0.7071067811865475 0.0
actors.Brick src/images/brick2.gif 80 30 200 100 0.7071067811865475 0.7071067811865475 0.0
actors.Brick src/images/brick3.gif 80 30 300 100 0.7071067811865475 0.7071067811865475 0.0
actors.Brick src/images/brick4.gif 80 30 400 100 0.7071067811865475 0.7071067811865475 0.0
actors.Brick src/images/brick5.gif 80 30 500 100 0.7071067811865475 0.7071067811865475 0.0
actors.Brick src/images/brick6.gif 80 30 600 100 0.7071067811865475 0.7071067811865475 0.0
actors.Brick src/images/brick7.gif 80 30 700 100 0.7071067811865475 0.7071067811865475 0.0
actors.Brick src/images/brick8.gif 80 30 800 100 0.7071067811865475 0.7071067811865475 0.0
actors.BottomWall src/images/brick3.gif 960 16 480 666 0.7071067811865475 0.7071067811865475 0.0
update
actors.Ball src/images/ball.gif 16 16 273 -89 0.7071067811865476 -0.7071067811865476 10.0
actors.Paddle src/images/paddle.gif 80 16 540 600 0.7071067811865475 0.7071067811865475 0.0
actors.Brick src/images/brick2.gif 80 30 200 100 0.7071067811865475 0.7071067811865475 0.0
actors.Brick src/images/brick3.gif 80 30 300 100 0.7071067811865475 0.7071067811865475 0.0
actors.Brick src/images/brick4.gif 80 30 400 100 0.7071067811865475 0.7071067811865475 0.0
actors.Brick src/images/brick5.gif 80 30 500 100 0.7071067811865475 0.7071067811865475 0.0
actors.Brick src/images/brick6.gif 80 30 600 100 0.7071067811865475 0.7071067811865475 0.0
actors.Brick src/images/brick7.gif 80 30 700 100 0.7071067811865475 0.7071067811865475 0.0
actors.Brick src/images/brick8.gif 80 30 800 100 0.7071067811865475 0.7071067811865475 0.0
actors.BottomWall src/images/brick3.gif 960 16 480 666 0.7071067811865475 0.7071067811865475 0.0
update
actors.Ball src/images/ball.gif 16 16 280 -96 0.7071067811865476 -0.7071067811865476 10.0
actors.Paddle src/images/paddle.gif 80 16 540 600 0.7071067811865475 0.7071067811865475 0.0
actors.Brick src/images/brick2.gif 80 30 200 100 0.7071067811865475 0.7071067811865475 0.0
actors.Brick src/images/brick3.gif 80 30 300 100 0.7071067811865475 0.7071067811865475 0.0
actors.Brick src/images/brick4.gif 80 30 400 100 0.7071067811865475 0.7071067811865475 0.0
actors.Brick src/images/brick5.gif 80 30 500 100 0.7071067811865475 0.7071067811865475 0.0
actors.Brick src/images/brick6.gif 80 30 600 100 0.7071067811865475 0.7071067811865475 0.0
actors.Brick src/images/brick7.gif 80 30 700 100 0.7071067811865475 0.7071067811865475 0.0
actors.Brick src/images/brick8.gif 80 30 800 100 0.7071067811865475 0.7071067811865475 0.0
actors.BottomWall src/images/brick3.gif 960 16 480 666 0.7071067811865475 0.7071067811865475 0.0
update
actors.Ball src/images/ball.gif 16 16 287 -103 0.7071067811865476 -0.7071067811865476 10.0
actors.Paddle src/images/paddle.gif 80 16 540 600 0.7071067811865475 0.7071067811865475 0.0
actors.Brick src/images/brick2.gif 80 30 200 100 0.7071067811865475 0.7071067811865475 0.0
actors.Brick src/images/brick3.gif 80 30 300 100 0.7071067811865475 0.7071067811865475 0.0
actors.Brick src/images/brick4.gif 80 30 400 100 0.7071067811865475 0.7071067811865475 0.0
actors.Brick src/images/brick5.gif 80 30 500 100 0.7071067811865475 0.7071067811865475 0.0
actors.Brick src/images/brick6.gif 80 30 600 100 0.7071067811865475 0.7071067811865475 0.0
actors.Brick src/images/brick7.gif 80 30 700 100 0.7071067811865475 0.7071067811865475 0.0
actors.Brick src/images/brick8.gif 80 30 800 100 0.7071067811865475 0.7071067811865475 0.0
actors.BottomWall src/images/brick3.gif 960 16 480 666 0.7071067811865475 0.7071067811865475 0.0
update
actors.Ball src/images/ball.gif 16 16 294 -110 0.7071067811865476 -0.7071067811865476 10.0
actors.Paddle src/images/paddle.gif 80 16 540 600 0.7071067811865475 0.7071067811865475 0.0
actors.Brick src/images/brick2.gif 80 30 200 100 0.7071067811865475 0.7071067811865475 0.0
actors.Brick src/images/brick3.gif 80 30 300 100 0.7071067811865475 0.7071067811865475 0.0
actors.Brick src/images/brick4.gif 80 30 400 100 0.7071067811865475 0.7071067811865475 0.0
actors.Brick src/images/brick5.gif 80 30 500 100 0.7071067811865475 0.7071067811865475 0.0
actors.Brick src/images/brick6.gif 80 30 600 100 0.7071067811865475 0.7071067811865475 0.0
actors.Brick src/images/brick7.gif 80 30 700 100 0.7071067811865475 0.7071067811865475 0.0
actors.Brick src/images/brick8.gif 80 30 800 100 0.7071067811865475 0.7071067811865475 0.0
actors.BottomWall src/images/brick3.gif 960 16 480 666 0.7071067811865475 0.7071067811865475 0.0
update
actors.Ball src/images/ball.gif 16 16 301 -117 0.7071067811865476 -0.7071067811865476 10.0
actors.Paddle src/images/paddle.gif 80 16 540 600 0.7071067811865475 0.7071067811865475 0.0
actors.Brick src/images/brick2.gif 80 30 200 100 0.7071067811865475 0.7071067811865475 0.0
actors.Brick src/images/brick3.gif 80 30 300 100 0.7071067811865475 0.7071067811865475 0.0
actors.Brick src/images/brick4.gif 80 30 400 100 0.7071067811865475 0.7071067811865475 0.0
actors.Brick src/images/brick5.gif 80 30 500 100 0.7071067811865475 0.7071067811865475 0.0
actors.Brick src/images/brick6.gif 80 30 600 100 0.7071067811865475 0.7071067811865475 0.0
actors.Brick src/images/brick7.gif 80 30 700 100 0.7071067811865475 0.7071067811865475 0.0
actors.Brick src/images/brick8.gif 80 30 800 100 0.7071067811865475 0.7071067811865475 0.0
actors.BottomWall src/images/brick3.gif 960 16 480 666 0.7071067811865475 0.7071067811865475 0.0
update
actors.Ball src/images/ball.gif 16 16 308 -124 0.7071067811865476 -0.7071067811865476 10.0
actors.Paddle src/images/paddle.gif 80 16 540 600 0.7071067811865475 0.7071067811865475 0.0
actors.Brick src/images/brick2.gif 80 30 200 100 0.7071067811865475 0.7071067811865475 0.0
actors.Brick src/images/brick3.gif 80 30 300 100 0.7071067811865475 0.7071067811865475 0.0
actors.Brick src/images/brick4.gif 80 30 400 100 0.7071067811865475 0.7071067811865475 0.0
actors.Brick src/images/brick5.gif 80 30 500 100 0.7071067811865475 0.7071067811865475 0.0
actors.Brick src/images/brick6.gif 80 30 600 100 0.7071067811865475 0.7071067811865475 0.0
actors.Brick src/images/brick7.gif 80 30 700 100 0.7071067811865475 0.7071067811865475 0.0
actors.Brick src/images/brick8.gif 80 30 800 100 0.7071067811865475 0.7071067811865475 0.0
actors.BottomWall src/images/brick3.gif 960 16 480 666 0.7071067811865475 0.7071067811865475 0.0
update
actors.Ball src/images/ball.gif 16 16 315 -131 0.7071067811865476 -0.7071067811865476 10.0
actors.Paddle src/images/paddle.gif 80 16 540 600 0.7071067811865475 0.7071067811865475 0.0
actors.Brick src/images/brick2.gif 80 30 200 100 0.7071067811865475 0.7071067811865475 0.0
actors.Brick src/images/brick3.gif 80 30 300 100 0.7071067811865475 0.7071067811865475 0.0
actors.Brick src/images/brick4.gif 80 30 400 100 0.7071067811865475 0.7071067811865475 0.0
actors.Brick src/images/brick5.gif 80 30 500 100 0.7071067811865475 0.7071067811865475 0.0
actors.Brick src/images/brick6.gif 80 30 600 100 0.7071067811865475 0.7071067811865475 0.0
actors.Brick src/images/brick7.gif 80 30 700 100 0.7071067811865475 0.7071067811865475 0.0
actors.Brick src/images/brick8.gif 80 30 800 100 0.7071067811865475 0.7071067811865475 0.0
actors.BottomWall src/images/brick3.gif 960 16 480 666 0.7071067811865475 0.7071067811865475 0.0
update
actors.Ball src/images/ball.gif 16 16 322 -138 0.7071067811865476 -0.7071067811865476 10.0
actors.Paddle src/images/paddle.gif 80 16 540 600 0.7071067811865475 0.7071067811865475 0.0
actors.Brick src/images/brick2.gif 80 30 200 100 0.7071067811865475 0.7071067811865475 0.0
actors.Brick src/images/brick3.gif 80 30 300 100 0.7071067811865475 0.7071067811865475 0.0
actors.Brick src/images/brick4.gif 80 30 400 100 0.7071067811865475 0.7071067811865475 0.0
actors.Brick src/images/brick5.gif 80 30 500 100 0.7071067811865475 0.7071067811865475 0.0
actors.Brick src/images/brick6.gif 80 30 600 100 0.7071067811865475 0.7071067811865475 0.0
actors.Brick src/images/brick7.gif 80 30 700 100 0.7071067811865475 0.7071067811865475 0.0
actors.Brick src/images/brick8.gif 80 30 800 100 0.7071067811865475 0.7071067811865475 0.0
actors.BottomWall src/images/brick3.gif 960 16 480 666 0.7071067811865475 0.7071067811865475 0.0
update
actors.Ball src/images/ball.gif 16 16 329 -145 0.7071067811865476 -0.7071067811865476 10.0
actors.Paddle src/images/paddle.gif 80 16 540 600 0.7071067811865475 0.7071067811865475 0.0
actors.Brick src/images/brick2.gif 80 30 200 100 0.7071067811865475 0.7071067811865475 0.0
actors.Brick src/images/brick3.gif 80 30 300 100 0.7071067811865475 0.7071067811865475 0.0
actors.Brick src/images/brick4.gif 80 30 400 100 0.7071067811865475 0.7071067811865475 0.0
actors.Brick src/images/brick5.gif 80 30 500 100 0.7071067811865475 0.7071067811865475 0.0
actors.Brick src/images/brick6.gif 80 30 600 100 0.7071067811865475 0.7071067811865475 0.0
actors.Brick src/images/brick7.gif 80 30 700 100 0.7071067811865475 0.7071067811865475 0.0
actors.Brick src/images/brick8.gif 80 30 800 100 0.7071067811865475 0.7071067811865475 0.0
actors.BottomWall src/images/brick3.gif 960 16 480 666 0.7071067811865475 0.7071067811865475 0.0
update
actors.Ball src/images/ball.gif 16 16 336 -152 0.7071067811865476 -0.7071067811865476 10.0
actors.Paddle src/images/paddle.gif 80 16 540 600 0.7071067811865475 0.7071067811865475 0.0
actors.Brick src/images/brick2.gif 80 30 200 100 0.7071067811865475 0.7071067811865475 0.0
actors.Brick src/images/brick3.gif 80 30 300 100 0.7071067811865475 0.7071067811865475 0.0
actors.Brick src/images/brick4.gif 80 30 400 100 0.7071067811865475 0.7071067811865475 0.0
actors.Brick src/images/brick5.gif 80 30 500 100 0.7071067811865475 0.7071067811865475 0.0
actors.Brick src/images/brick6.gif 80 30 600 100 0.7071067811865475 0.7071067811865475 0.0
actors.Brick src/images/brick7.gif 80 30 700 100 0.7071067811865475 0.7071067811865475 0.0
actors.Brick src/images/brick8.gif 80 30 800 100 0.7071067811865475 0.7071067811865475 0.0
actors.BottomWall src/images/brick3.gif 960 16 480 666 0.7071067811865475 0.7071067811865475 0.0
update
actors.Ball src/images/ball.gif 16 16 343 -159 0.7071067811865476 -0.7071067811865476 10.0
actors.Paddle src/images/paddle.gif 80 16 540 600 0.7071067811865475 0.7071067811865475 0.0
actors.Brick src/images/brick2.gif 80 30 200 100 0.7071067811865475 0.7071067811865475 0.0
actors.Brick src/images/brick3.gif 80 30 300 100 0.7071067811865475 0.7071067811865475 0.0
actors.Brick src/images/brick4.gif 80 30 400 100 0.7071067811865475 0.7071067811865475 0.0
actors.Brick src/images/brick5.gif 80 30 500 100 0.7071067811865475 0.7071067811865475 0.0
actors.Brick src/images/brick6.gif 80 30 600 100 0.7071067811865475 0.7071067811865475 0.0
actors.Brick src/images/brick7.gif 80 30 700 100 0.7071067811865475 0.7071067811865475 0.0
actors.Brick src/images/brick8.gif 80 30 800 100 0.7071067811865475 0.7071067811865475 0.0
actors.BottomWall src/images/brick3.gif 960 16 480 666 0.7071067811865475 0.7071067811865475 0.0
update
actors.Ball src/images/ball.gif 16 16 350 -166 0.7071067811865476 -0.7071067811865476 10.0
actors.Paddle src/images/paddle.gif 80 16 540 600 0.7071067811865475 0.7071067811865475 0.0
actors.Brick src/images/brick2.gif 80 30 200 100 0.7071067811865475 0.7071067811865475 0.0
actors.Brick src/images/brick3.gif 80 30 300 100 0.7071067811865475 0.7071067811865475 0.0
actors.Brick src/images/brick4.gif 80 30 400 100 0.7071067811865475 0.7071067811865475 0.0
actors.Brick src/images/brick5.gif 80 30 500 100 0.7071067811865475 0.7071067811865475 0.0
actors.Brick src/images/brick6.gif 80 30 600 100 0.7071067811865475 0.7071067811865475 0.0
actors.Brick src/images/brick7.gif 80 30 700 100 0.7071067811865475 0.7071067811865475 0.0
actors.Brick src/images/brick8.gif 80 30 800 100 0.7071067811865475 0.7071067811865475 0.0
actors.BottomWall src/images/brick3.gif 960 16 480 666 0.7071067811865475 0.7071067811865475 0.0
update
actors.Ball src/images/ball.gif 16 16 357 -173 0.7071067811865476 -0.7071067811865476 10.0
actors.Paddle src/images/paddle.gif 80 16 540 600 0.7071067811865475 0.7071067811865475 0.0
actors.Brick src/images/brick2.gif 80 30 200 100 0.7071067811865475 0.7071067811865475 0.0
actors.Brick src/images/brick3.gif 80 30 300 100 0.7071067811865475 0.7071067811865475 0.0
actors.Brick src/images/brick4.gif 80 30 400 100 0.7071067811865475 0.7071067811865475 0.0
actors.Brick src/images/brick5.gif 80 30 500 100 0.7071067811865475 0.7071067811865475 0.0
actors.Brick src/images/brick6.gif 80 30 600 100 0.7071067811865475 0.7071067811865475 0.0
actors.Brick src/images/brick7.gif 80 30 700 100 0.7071067811865475 0.7071067811865475 0.0
actors.Brick src/images/brick8.gif 80 30 800 100 0.7071067811865475 0.7071067811865475 0.0
actors.BottomWall src/images/brick3.gif 960 16 480 666 0.7071067811865475 0.7071067811865475 0.0
update
actors.Ball src/images/ball.gif 16 16 364 -180 0.7071067811865476 -0.7071067811865476 10.0
actors.Paddle src/images/paddle.gif 80 16 540 600 0.7071067811865475 0.7071067811865475 0.0
actors.Brick src/images/brick2.gif 80 30 200 100 0.7071067811865475 0.7071067811865475 0.0
actors.Brick src/images/brick3.gif 80 30 300 100 0.7071067811865475 0.7071067811865475 0.0
actors.Brick src/images/brick4.gif 80 30 400 100 0.7071067811865475 0.7071067811865475 0.0
actors.Brick src/images/brick5.gif 80 30 500 100 0.7071067811865475 0.7071067811865475 0.0
actors.Brick src/images/brick6.gif 80 30 600 100 0.7071067811865475 0.7071067811865475 0.0
actors.Brick src/images/brick7.gif 80 30 700 100 0.7071067811865475 0.7071067811865475 0.0
actors.Brick src/images/brick8.gif 80 30 800 100 0.7071067811865475 0.7071067811865475 0.0
actors.BottomWall src/images/brick3.gif 960 16 480 666 0.7071067811865475 0.7071067811865475 0.0
update
actors.Ball src/images/ball.gif 16 16 371 -187 0.7071067811865476 -0.7071067811865476 10.0
actors.Paddle src/images/paddle.gif 80 16 540 600 0.7071067811865475 0.7071067811865475 0.0
actors.Brick src/images/brick2.gif 80 30 200 100 0.7071067811865475 0.7071067811865475 0.0
actors.Brick src/images/brick3.gif 80 30 300 100 0.7071067811865475 0.7071067811865475 0.0
actors.Brick src/images/brick4.gif 80 30 400 100 0.7071067811865475 0.7071067811865475 0.0
actors.Brick src/images/brick5.gif 80 30 500 100 0.7071067811865475 0.7071067811865475 0.0
actors.Brick src/images/brick6.gif 80 30 600 100 0.7071067811865475 0.7071067811865475 0.0
actors.Brick src/images/brick7.gif 80 30 700 100 0.7071067811865475 0.7071067811865475 0.0
actors.Brick src/images/brick8.gif 80 30 800 100 0.7071067811865475 0.7071067811865475 0.0
actors.BottomWall src/images/brick3.gif 960 16 480 666 0.7071067811865475 0.7071067811865475 0.0
update
actors.Ball src/images/ball.gif 16 16 378 -194 0.7071067811865476 -0.7071067811865476 10.0
actors.Paddle src/images/paddle.gif 80 16 540 600 0.7071067811865475 0.7071067811865475 0.0
actors.Brick src/images/brick2.gif 80 30 200 100 0.7071067811865475 0.7071067811865475 0.0
actors.Brick src/images/brick3.gif 80 30 300 100 0.7071067811865475 0.7071067811865475 0.0
actors.Brick src/images/brick4.gif 80 30 400 100 0.7071067811865475 0.7071067811865475 0.0
actors.Brick src/images/brick5.gif 80 30 500 100 0.7071067811865475 0.7071067811865475 0.0
actors.Brick src/images/brick6.gif 80 30 600 100 0.7071067811865475 0.7071067811865475 0.0
actors.Brick src/images/brick7.gif 80 30 700 100 0.7071067811865475 0.7071067811865475 0.0
actors.Brick src/images/brick8.gif 80 30 800 100 0.7071067811865475 0.7071067811865475 0.0
actors.BottomWall src/images/brick3.gif 960 16 480 666 0.7071067811865475 0.7071067811865475 0.0
update
actors.Ball src/images/ball.gif 16 16 385 -201 0.7071067811865476 -0.7071067811865476 10.0
actors.Paddle src/images/paddle.gif 80 16 540 600 0.7071067811865475 0.7071067811865475 0.0
actors.Brick src/images/brick2.gif 80 30 200 100 0.7071067811865475 0.7071067811865475 0.0
actors.Brick src/images/brick3.gif 80 30 300 100 0.7071067811865475 0.7071067811865475 0.0
actors.Brick src/images/brick4.gif 80 30 400 100 0.7071067811865475 0.7071067811865475 0.0
actors.Brick src/images/brick5.gif 80 30 500 100 0.7071067811865475 0.7071067811865475 0.0
actors.Brick src/images/brick6.gif 80 30 600 100 0.7071067811865475 0.7071067811865475 0.0
actors.Brick src/images/brick7.gif 80 30 700 100 0.7071067811865475 0.7071067811865475 0.0
actors.Brick src/images/brick8.gif 80 30 800 100 0.7071067811865475 0.7071067811865475 0.0
actors.BottomWall src/images/brick3.gif 960 16 480 666 0.7071067811865475 0.7071067811865475 0.0
update
actors.Ball src/images/ball.gif 16 16 392 -208 0.7071067811865476 -0.7071067811865476 10.0
actors.Paddle src/images/paddle.gif 80 16 540 600 0.7071067811865475 0.7071067811865475 0.0
actors.Brick src/images/brick2.gif 80 30 200 100 0.7071067811865475 0.7071067811865475 0.0
actors.Brick src/images/brick3.gif 80 30 300 100 0.7071067811865475 0.7071067811865475 0.0
actors.Brick src/images/brick4.gif 80 30 400 100 0.7071067811865475 0.7071067811865475 0.0
actors.Brick src/images/brick5.gif 80 30 500 100 0.7071067811865475 0.7071067811865475 0.0
actors.Brick src/images/brick6.gif 80 30 600 100 0.7071067811865475 0.7071067811865475 0.0
actors.Brick src/images/brick7.gif 80 30 700 100 0.7071067811865475 0.7071067811865475 0.0
actors.Brick src/images/brick8.gif 80 30 800 100 0.7071067811865475 0.7071067811865475 0.0
actors.BottomWall src/images/brick3.gif 960 16 480 666 0.7071067811865475 0.7071067811865475 0.0
update
actors.Ball src/images/ball.gif 16 16 399 -215 0.7071067811865476 -0.7071067811865476 10.0
actors.Paddle src/images/paddle.gif 80 16 540 600 0.7071067811865475 0.7071067811865475 0.0
actors.Brick src/images/brick2.gif 80 30 200 100 0.7071067811865475 0.7071067811865475 0.0
actors.Brick src/images/brick3.gif 80 30 300 100 0.7071067811865475 0.7071067811865475 0.0
actors.Brick src/images/brick4.gif 80 30 400 100 0.7071067811865475 0.7071067811865475 0.0
actors.Brick src/images/brick5.gif 80 30 500 100 0.7071067811865475 0.7071067811865475 0.0
actors.Brick src/images/brick6.gif 80 30 600 100 0.7071067811865475 0.7071067811865475 0.0
actors.Brick src/images/brick7.gif 80 30 700 100 0.7071067811865475 0.7071067811865475 0.0
actors.Brick src/images/brick8.gif 80 30 800 100 0.7071067811865475 0.7071067811865475 0.0
actors.BottomWall src/images/brick3.gif 960 16 480 666 0.7071067811865475 0.7071067811865475 0.0
update
actors.Ball src/images/ball.gif 16 16 406 -222 0.7071067811865476 -0.7071067811865476 10.0
actors.Paddle src/images/paddle.gif 80 16 540 600 0.7071067811865475 0.7071067811865475 0.0
actors.Brick src/images/brick2.gif 80 30 200 100 0.7071067811865475 0.7071067811865475 0.0
actors.Brick src/images/brick3.gif 80 30 300 100 0.7071067811865475 0.7071067811865475 0.0
actors.Brick src/images/brick4.gif 80 30 400 100 0.7071067811865475 0.7071067811865475 0.0
actors.Brick src/images/brick5.gif 80 30 500 100 0.7071067811865475 0.7071067811865475 0.0
actors.Brick src/images/brick6.gif 80 30 600 100 0.7071067811865475 0.7071067811865475 0.0
actors.Brick src/images/brick7.gif 80 30 700 100 0.7071067811865475 0.7071067811865475 0.0
actors.Brick src/images/brick8.gif 80 30 800 100 0.7071067811865475 0.7071067811865475 0.0
actors.BottomWall src/images/brick3.gif 960 16 480 666 0.7071067811865475 0.7071067811865475 0.0
update
actors.Ball src/images/ball.gif 16 16 413 -229 0.7071067811865476 -0.7071067811865476 10.0
actors.Paddle src/images/paddle.gif 80 16 540 600 0.7071067811865475 0.7071067811865475 0.0
actors.Brick src/images/brick2.gif 80 30 200 100 0.7071067811865475 0.7071067811865475 0.0
actors.Brick src/images/brick3.gif 80 30 300 100 0.7071067811865475 0.7071067811865475 0.0
actors.Brick src/images/brick4.gif 80 30 400 100 0.7071067811865475 0.7071067811865475 0.0
actors.Brick src/images/brick5.gif 80 30 500 100 0.7071067811865475 0.7071067811865475 0.0
actors.Brick src/images/brick6.gif 80 30 600 100 0.7071067811865475 0.7071067811865475 0.0
actors.Brick src/images/brick7.gif 80 30 700 100 0.7071067811865475 0.7071067811865475 0.0
actors.Brick src/images/brick8.gif 80 30 800 100 0.7071067811865475 0.7071067811865475 0.0
actors.BottomWall src/images/brick3.gif 960 16 480 666 0.7071067811865475 0.7071067811865475 0.0
update
actors.Ball src/images/ball.gif 16 16 420 -236 0.7071067811865476 -0.7071067811865476 10.0
actors.Paddle src/images/paddle.gif 80 16 540 600 0.7071067811865475 0.7071067811865475 0.0
actors.Brick src/images/brick2.gif 80 30 200 100 0.7071067811865475 0.7071067811865475 0.0
actors.Brick src/images/brick3.gif 80 30 300 100 0.7071067811865475 0.7071067811865475 0.0
actors.Brick src/images/brick4.gif 80 30 400 100 0.7071067811865475 0.7071067811865475 0.0
actors.Brick src/images/brick5.gif 80 30 500 100 0.7071067811865475 0.7071067811865475 0.0
actors.Brick src/images/brick6.gif 80 30 600 100 0.7071067811865475 0.7071067811865475 0.0
actors.Brick src/images/brick7.gif 80 30 700 100 0.7071067811865475 0.7071067811865475 0.0
actors.Brick src/images/brick8.gif 80 30 800 100 0.7071067811865475 0.7071067811865475 0.0
actors.BottomWall src/images/brick3.gif 960 16 480 666 0.7071067811865475 0.7071067811865475 0.0
update
actors.Ball src/images/ball.gif 16 16 427 -243 0.7071067811865476 -0.7071067811865476 10.0
actors.Paddle src/images/paddle.gif 80 16 540 600 0.7071067811865475 0.7071067811865475 0.0
actors.Brick src/images/brick2.gif 80 30 200 100 0.7071067811865475 0.7071067811865475 0.0
actors.Brick src/images/brick3.gif 80 30 300 100 0.7071067811865475 0.7071067811865475 0.0
actors.Brick src/images/brick4.gif 80 30 400 100 0.7071067811865475 0.7071067811865475 0.0
actors.Brick src/images/brick5.gif 80 30 500 100 0.7071067811865475 0.7071067811865475 0.0
actors.Brick src/images/brick6.gif 80 30 600 100 0.7071067811865475 0.7071067811865475 0.0
actors.Brick src/images/brick7.gif 80 30 700 100 0.7071067811865475 0.7071067811865475 0.0
actors.Brick src/images/brick8.gif 80 30 800 100 0.7071067811865475 0.7071067811865475 0.0
actors.BottomWall src/images/brick3.gif 960 16 480 666 0.7071067811865475 0.7071067811865475 0.0
update
actors.Ball src/images/ball.gif 16 16 434 -250 0.7071067811865476 -0.7071067811865476 10.0
actors.Paddle src/images/paddle.gif 80 16 540 600 0.7071067811865475 0.7071067811865475 0.0
actors.Brick src/images/brick2.gif 80 30 200 100 0.7071067811865475 0.7071067811865475 0.0
actors.Brick src/images/brick3.gif 80 30 300 100 0.7071067811865475 0.7071067811865475 0.0
actors.Brick src/images/brick4.gif 80 30 400 100 0.7071067811865475 0.7071067811865475 0.0
actors.Brick src/images/brick5.gif 80 30 500 100 0.7071067811865475 0.7071067811865475 0.0
actors.Brick src/images/brick6.gif 80 30 600 100 0.7071067811865475 0.7071067811865475 0.0
actors.Brick src/images/brick7.gif 80 30 700 100 0.7071067811865475 0.7071067811865475 0.0
actors.Brick src/images/brick8.gif 80 30 800 100 0.7071067811865475 0.7071067811865475 0.0
actors.BottomWall src/images/brick3.gif 960 16 480 666 0.7071067811865475 0.7071067811865475 0.0
update
actors.Ball src/images/ball.gif 16 16 441 -257 0.7071067811865476 -0.7071067811865476 10.0
actors.Paddle src/images/paddle.gif 80 16 540 600 0.7071067811865475 0.7071067811865475 0.0
actors.Brick src/images/brick2.gif 80 30 200 100 0.7071067811865475 0.7071067811865475 0.0
actors.Brick src/images/brick3.gif 80 30 300 100 0.7071067811865475 0.7071067811865475 0.0
actors.Brick src/images/brick4.gif 80 30 400 100 0.7071067811865475 0.7071067811865475 0.0
actors.Brick src/images/brick5.gif 80 30 500 100 0.7071067811865475 0.7071067811865475 0.0
actors.Brick src/images/brick6.gif 80 30 600 100 0.7071067811865475 0.7071067811865475 0.0
actors.Brick src/images/brick7.gif 80 30 700 100 0.7071067811865475 0.7071067811865475 0.0
actors.Brick src/images/brick8.gif 80 30 800 100 0.7071067811865475 0.7071067811865475 0.0
actors.BottomWall src/images/brick3.gif 960 16 480 666 0.7071067811865475 0.7071067811865475 0.0
update
actors.Ball src/images/ball.gif 16 16 448 -264 0.7071067811865476 -0.7071067811865476 10.0
actors.Paddle src/images/paddle.gif 80 16 540 600 0.7071067811865475 0.7071067811865475 0.0
actors.Brick src/images/brick2.gif 80 30 200 100 0.7071067811865475 0.7071067811865475 0.0
actors.Brick src/images/brick3.gif 80 30 300 100 0.7071067811865475 0.7071067811865475 0.0
actors.Brick src/images/brick4.gif 80 30 400 100 0.7071067811865475 0.7071067811865475 0.0
actors.Brick src/images/brick5.gif 80 30 500 100 0.7071067811865475 0.7071067811865475 0.0
actors.Brick src/images/brick6.gif 80 30 600 100 0.7071067811865475 0.7071067811865475 0.0
actors.Brick src/images/brick7.gif 80 30 700 100 0.7071067811865475 0.7071067811865475 0.0
actors.Brick src/images/brick8.gif 80 30 800 100 0.7071067811865475 0.7071067811865475 0.0
actors.BottomWall src/images/brick3.gif 960 16 480 666 0.7071067811865475 0.7071067811865475 0.0
update
actors.Ball src/images/ball.gif 16 16 455 -271 0.7071067811865476 -0.7071067811865476 10.0
actors.Paddle src/images/paddle.gif 80 16 540 600 0.7071067811865475 0.7071067811865475 0.0
actors.Brick src/images/brick2.gif 80 30 200 100 0.7071067811865475 0.7071067811865475 0.0
actors.Brick src/images/brick3.gif 80 30 300 100 0.7071067811865475 0.7071067811865475 0.0
actors.Brick src/images/brick4.gif 80 30 400 100 0.7071067811865475 0.7071067811865475 0.0
actors.Brick src/images/brick5.gif 80 30 500 100 0.7071067811865475 0.7071067811865475 0.0
actors.Brick src/images/brick6.gif 80 30 600 100 0.7071067811865475 0.7071067811865475 0.0
actors.Brick src/images/brick7.gif 80 30 700 100 0.7071067811865475 0.7071067811865475 0.0
actors.Brick src/images/brick8.gif 80 30 800 100 0.7071067811865475 0.7071067811865475 0.0
actors.BottomWall src/images/brick3.gif 960 16 480 666 0.7071067811865475 0.7071067811865475 0.0
update
actors.Ball src/images/ball.gif 16 16 462 -278 0.7071067811865476 -0.7071067811865476 10.0
actors.Paddle src/images/paddle.gif 80 16 540 600 0.7071067811865475 0.7071067811865475 0.0
actors.Brick src/images/brick2.gif 80 30 200 100 0.7071067811865475 0.7071067811865475 0.0
actors.Brick src/images/brick3.gif 80 30 300 100 0.7071067811865475 0.7071067811865475 0.0
actors.Brick src/images/brick4.gif 80 30 400 100 0.7071067811865475 0.7071067811865475 0.0
actors.Brick src/images/brick5.gif 80 30 500 100 0.7071067811865475 0.7071067811865475 0.0
actors.Brick src/images/brick6.gif 80 30 600 100 0.7071067811865475 0.7071067811865475 0.0
actors.Brick src/images/brick7.gif 80 30 700 100 0.7071067811865475 0.7071067811865475 0.0
actors.Brick src/images/brick8.gif 80 30 800 100 0.7071067811865475 0.7071067811865475 0.0
actors.BottomWall src/images/brick3.gif 960 16 480 666 0.7071067811865475 0.7071067811865475 0.0
