actors.Ball src/images/ball.gif 16 16 125 50 0.7071067811865476 -0.7071067811865476 10.0
actors.Paddle src/images/paddle.gif 80 16 580 600 0.7071067811865476 0.7071067811865476 0.0
actors.Brick src/images/brick2.gif 80 30 200 100 0.7071067811865476 0.7071067811865476 0.0
actors.Brick src/images/brick3.gif 80 30 300 100 0.7071067811865476 0.7071067811865476 0.0
actors.Brick src/images/brick4.gif 80 30 400 100 0.7071067811865476 0.7071067811865476 0.0
actors.Brick src/images/brick5.gif 80 30 500 100 0.7071067811865476 0.7071067811865476 0.0
actors.Brick src/images/brick6.gif 80 30 600 100 0.7071067811865476 0.7071067811865476 0.0
actors.Brick src/images/brick7.gif 80 30 700 100 0.7071067811865476 0.7071067811865476 0.0
actors.Brick src/images/brick8.gif 80 30 800 100 0.7071067811865476 0.7071067811865476 0.0
actors.BottomWall src/images/brick3.gif 960 16 480 666 0.7071067811865476 0.7071067811865476 0.0
actors.BottomWall src/images/brick3.gif 960 16 480 666 0.7071067811865475 0.7071067811865475 0.0
update
actors.Ball src/images/ball.gif 16 16 132 42 0.7071067811865476 -0.7071067811865476 10.0
actors.Paddle src/images/paddle.gif 80 16 580 600 0.7071067811865476 0.7071067811865476 0.0
actors.Brick src/images/brick2.gif 80 30 200 100 0.7071067811865476 0.7071067811865476 0.0
actors.Brick src/images/brick3.gif 80 30 300 100 0.7071067811865476 0.7071067811865476 0.0
actors.Brick src/images/brick4.gif 80 30 400 100 0.7071067811865476 0.7071067811865476 0.0
actors.Brick src/images/brick5.gif 80 30 500 100 0.7071067811865476 0.7071067811865476 0.0
actors.Brick src/images/brick6.gif 80 30 600 100 0.7071067811865476 0.7071067811865476 0.0
actors.Brick src/images/brick7.gif 80 30 700 100 0.7071067811865476 0.7071067811865476 0.0
actors.Brick src/images/brick8.gif 80 30 800 100 0.7071067811865476 0.7071067811865476 0.0
actors.BottomWall src/images/brick3.gif 960 16 480 666 0.7071067811865476 0.7071067811865476 0.0
actors.BottomWall src/images/brick3.gif 960 16 480 666 0.7071067811865475 0.7071067811865475 0.0
update
actors.Ball src/images/ball.gif 16 16 139 34 0.7071067811865476 -0.7071067811865476 10.0
actors.Paddle src/images/paddle.gif 80 16 580 600 0.7071067811865476 0.7071067811865476 0.0
actors.Brick src/images/brick2.gif 80 30 200 100 0.7071067811865476 0.7071067811865476 0.0
actors.Brick src/images/brick3.gif 80 30 300 100 0.7071067811865476 0.7071067811865476 0.0
actors.Brick src/images/brick4.gif 80 30 400 100 0.7071067811865476 0.7071067811865476 0.0
actors.Brick src/images/brick5.gif 80 30 500 100 0.7071067811865476 0.7071067811865476 0.0
actors.Brick src/images/brick6.gif 80 30 600 100 0.7071067811865476 0.7071067811865476 0.0
actors.Brick src/images/brick7.gif 80 30 700 100 0.7071067811865476 0.7071067811865476 0.0
actors.Brick src/images/brick8.gif 80 30 800 100 0.7071067811865476 0.7071067811865476 0.0
actors.BottomWall src/images/brick3.gif 960 16 480 666 0.7071067811865476 0.7071067811865476 0.0
actors.BottomWall src/images/brick3.gif 960 16 480 666 0.7071067811865475 0.7071067811865475 0.0
update
actors.Ball src/images/ball.gif 16 16 146 26 0.7071067811865476 -0.7071067811865476 10.0
actors.Paddle src/images/paddle.gif 80 16 580 600 0.7071067811865476 0.7071067811865476 0.0
actors.Brick src/images/brick2.gif 80 30 200 100 0.7071067811865476 0.7071067811865476 0.0
actors.Brick src/images/brick3.gif 80 30 300 100 0.7071067811865476 0.7071067811865476 0.0
actors.Brick src/images/brick4.gif 80 30 400 100 0.7071067811865476 0.7071067811865476 0.0
actors.Brick src/images/brick5.gif 80 30 500 100 0.7071067811865476 0.7071067811865476 0.0
actors.Brick src/images/brick6.gif 80 30 600 100 0.7071067811865476 0.7071067811865476 0.0
actors.Brick src/images/brick7.gif 80 30 700 100 0.7071067811865476 0.7071067811865476 0.0
actors.Brick src/images/brick8.gif 80 30 800 100 0.7071067811865476 0.7071067811865476 0.0
actors.BottomWall src/images/brick3.gif 960 16 480 666 0.7071067811865476 0.7071067811865476 0.0
actors.BottomWall src/images/brick3.gif 960 16 480 666 0.7071067811865475 0.7071067811865475 0.0
update
actors.Ball src/images/ball.gif 16 16 153 18 0.7071067811865476 -0.7071067811865476 10.0
actors.Paddle src/images/paddle.gif 80 16 580 600 0.7071067811865476 0.7071067811865476 0.0
actors.Brick src/images/brick2.gif 80 30 200 100 0.7071067811865476 0.7071067811865476 0.0
actors.Brick src/images/brick3.gif 80 30 300 100 0.7071067811865476 0.7071067811865476 0.0
actors.Brick src/images/brick4.gif 80 30 400 100 0.7071067811865476 0.7071067811865476 0.0
actors.Brick src/images/brick5.gif 80 30 500 100 0.7071067811865476 0.7071067811865476 0.0
actors.Brick src/images/brick6.gif 80 30 600 100 0.7071067811865476 0.7071067811865476 0.0
actors.Brick src/images/brick7.gif 80 30 700 100 0.7071067811865476 0.7071067811865476 0.0
actors.Brick src/images/brick8.gif 80 30 800 100 0.7071067811865476 0.7071067811865476 0.0
actors.BottomWall src/images/brick3.gif 960 16 480 666 0.7071067811865476 0.7071067811865476 0.0
actors.BottomWall src/images/brick3.gif 960 16 480 666 0.7071067811865475 0.7071067811865475 0.0
update
actors.Ball src/images/ball.gif 16 16 167 17 0.7071067811865476 0.7071067811865476 10.0
actors.Paddle src/images/paddle.gif 80 16 580 600 0.7071067811865476 0.7071067811865476 0.0
actors.Brick src/images/brick2.gif 80 30 200 100 0.7071067811865476 0.7071067811865476 0.0
actors.Brick src/images/brick3.gif 80 30 300 100 0.7071067811865476 0.7071067811865476 0.0
actors.Brick src/images/brick4.gif 80 30 400 100 0.7071067811865476 0.7071067811865476 0.0
actors.Brick src/images/brick5.gif 80 30 500 100 0.7071067811865476 0.7071067811865476 0.0
actors.Brick src/images/brick6.gif 80 30 600 100 0.7071067811865476 0.7071067811865476 0.0
actors.Brick src/images/brick7.gif 80 30 700 100 0.7071067811865476 0.7071067811865476 0.0
actors.Brick src/images/brick8.gif 80 30 800 100 0.7071067811865476 0.7071067811865476 0.0
actors.BottomWall src/images/brick3.gif 960 16 480 666 0.7071067811865476 0.7071067811865476 0.0
actors.BottomWall src/images/brick3.gif 960 16 480 666 0.7071067811865475 0.7071067811865475 0.0
update
actors.Ball src/images/ball.gif 16 16 174 24 0.7071067811865476 0.7071067811865476 10.0
actors.Paddle src/images/paddle.gif 80 16 580 600 0.7071067811865476 0.7071067811865476 0.0
actors.Brick src/images/brick2.gif 80 30 200 100 0.7071067811865476 0.7071067811865476 0.0
actors.Brick src/images/brick3.gif 80 30 300 100 0.7071067811865476 0.7071067811865476 0.0
actors.Brick src/images/brick4.gif 80 30 400 100 0.7071067811865476 0.7071067811865476 0.0
actors.Brick src/images/brick5.gif 80 30 500 100 0.7071067811865476 0.7071067811865476 0.0
actors.Brick src/images/brick6.gif 80 30 600 100 0.7071067811865476 0.7071067811865476 0.0
actors.Brick src/images/brick7.gif 80 30 700 100 0.7071067811865476 0.7071067811865476 0.0
actors.Brick src/images/brick8.gif 80 30 800 100 0.7071067811865476 0.7071067811865476 0.0
actors.BottomWall src/images/brick3.gif 960 16 480 666 0.7071067811865476 0.7071067811865476 0.0
actors.BottomWall src/images/brick3.gif 960 16 480 666 0.7071067811865475 0.7071067811865475 0.0
update
actors.Ball src/images/ball.gif 16 16 181 31 0.7071067811865476 0.7071067811865476 10.0
actors.Paddle src/images/paddle.gif 80 16 580 600 0.7071067811865476 0.7071067811865476 0.0
actors.Brick src/images/brick2.gif 80 30 200 100 0.7071067811865476 0.7071067811865476 0.0
actors.Brick src/images/brick3.gif 80 30 300 100 0.7071067811865476 0.7071067811865476 0.0
actors.Brick src/images/brick4.gif 80 30 400 100 0.7071067811865476 0.7071067811865476 0.0
actors.Brick src/images/brick5.gif 80 30 500 100 0.7071067811865476 0.7071067811865476 0.0
actors.Brick src/images/brick6.gif 80 30 600 100 0.7071067811865476 0.7071067811865476 0.0
actors.Brick src/images/brick7.gif 80 30 700 100 0.7071067811865476 0.7071067811865476 0.0
actors.Brick src/images/brick8.gif 80 30 800 100 0.7071067811865476 0.7071067811865476 0.0
actors.BottomWall src/images/brick3.gif 960 16 480 666 0.7071067811865476 0.7071067811865476 0.0
actors.BottomWall src/images/brick3.gif 960 16 480 666 0.7071067811865475 0.7071067811865475 0.0
update
actors.Ball src/images/ball.gif 16 16 188 38 0.7071067811865476 0.7071067811865476 10.0
actors.Paddle src/images/paddle.gif 80 16 580 600 0.7071067811865476 0.7071067811865476 0.0
actors.Brick src/images/brick2.gif 80 30 200 100 0.7071067811865476 0.7071067811865476 0.0
actors.Brick src/images/brick3.gif 80 30 300 100 0.7071067811865476 0.7071067811865476 0.0
actors.Brick src/images/brick4.gif 80 30 400 100 0.7071067811865476 0.7071067811865476 0.0
actors.Brick src/images/brick5.gif 80 30 500 100 0.7071067811865476 0.7071067811865476 0.0
actors.Brick src/images/brick6.gif 80 30 600 100 0.7071067811865476 0.7071067811865476 0.0
actors.Brick src/images/brick7.gif 80 30 700 100 0.7071067811865476 0.7071067811865476 0.0
actors.Brick src/images/brick8.gif 80 30 800 100 0.7071067811865476 0.7071067811865476 0.0
actors.BottomWall src/images/brick3.gif 960 16 480 666 0.7071067811865476 0.7071067811865476 0.0
actors.BottomWall src/images/brick3.gif 960 16 480 666 0.7071067811865475 0.7071067811865475 0.0
update
actors.Ball src/images/ball.gif 16 16 195 45 0.7071067811865476 0.7071067811865476 10.0
actors.Paddle src/images/paddle.gif 80 16 580 600 0.7071067811865476 0.7071067811865476 0.0
actors.Brick src/images/brick2.gif 80 30 200 100 0.7071067811865476 0.7071067811865476 0.0
actors.Brick src/images/brick3.gif 80 30 300 100 0.7071067811865476 0.7071067811865476 0.0
actors.Brick src/images/brick4.gif 80 30 400 100 0.7071067811865476 0.7071067811865476 0.0
actors.Brick src/images/brick5.gif 80 30 500 100 0.7071067811865476 0.7071067811865476 0.0
actors.Brick src/images/brick6.gif 80 30 600 100 0.7071067811865476 0.7071067811865476 0.0
actors.Brick src/images/brick7.gif 80 30 700 100 0.7071067811865476 0.7071067811865476 0.0
actors.Brick src/images/brick8.gif 80 30 800 100 0.7071067811865476 0.7071067811865476 0.0
actors.BottomWall src/images/brick3.gif 960 16 480 666 0.7071067811865476 0.7071067811865476 0.0
actors.BottomWall src/images/brick3.gif 960 16 480 666 0.7071067811865475 0.7071067811865475 0.0
update
actors.Ball src/images/ball.gif 16 16 202 52 0.7071067811865476 0.7071067811865476 10.0
actors.Paddle src/images/paddle.gif 80 16 580 600 0.7071067811865476 0.7071067811865476 0.0
actors.Brick src/images/brick2.gif 80 30 200 100 0.7071067811865476 0.7071067811865476 0.0
actors.Brick src/images/brick3.gif 80 30 300 100 0.7071067811865476 0.7071067811865476 0.0
actors.Brick src/images/brick4.gif 80 30 400 100 0.7071067811865476 0.7071067811865476 0.0
actors.Brick src/images/brick5.gif 80 30 500 100 0.7071067811865476 0.7071067811865476 0.0
actors.Brick src/images/brick6.gif 80 30 600 100 0.7071067811865476 0.7071067811865476 0.0
actors.Brick src/images/brick7.gif 80 30 700 100 0.7071067811865476 0.7071067811865476 0.0
actors.Brick src/images/brick8.gif 80 30 800 100 0.7071067811865476 0.7071067811865476 0.0
actors.BottomWall src/images/brick3.gif 960 16 480 666 0.7071067811865476 0.7071067811865476 0.0
actors.BottomWall src/images/brick3.gif 960 16 480 666 0.7071067811865475 0.7071067811865475 0.0
update
actors.Ball src/images/ball.gif 16 16 209 59 0.7071067811865476 0.7071067811865476 10.0
actors.Paddle src/images/paddle.gif 80 16 580 600 0.7071067811865476 0.7071067811865476 0.0
actors.Brick src/images/brick2.gif 80 30 200 100 0.7071067811865476 0.7071067811865476 0.0
actors.Brick src/images/brick3.gif 80 30 300 100 0.7071067811865476 0.7071067811865476 0.0
actors.Brick src/images/brick4.gif 80 30 400 100 0.7071067811865476 0.7071067811865476 0.0
actors.Brick src/images/brick5.gif 80 30 500 100 0.7071067811865476 0.7071067811865476 0.0
actors.Brick src/images/brick6.gif 80 30 600 100 0.7071067811865476 0.7071067811865476 0.0
actors.Brick src/images/brick7.gif 80 30 700 100 0.7071067811865476 0.7071067811865476 0.0
actors.Brick src/images/brick8.gif 80 30 800 100 0.7071067811865476 0.7071067811865476 0.0
actors.BottomWall src/images/brick3.gif 960 16 480 666 0.7071067811865476 0.7071067811865476 0.0
actors.BottomWall src/images/brick3.gif 960 16 480 666 0.7071067811865475 0.7071067811865475 0.0
update
actors.Ball src/images/ball.gif 16 16 216 66 0.7071067811865476 0.7071067811865476 10.0
actors.Paddle src/images/paddle.gif 80 16 580 600 0.7071067811865476 0.7071067811865476 0.0
actors.Brick src/images/brick2.gif 80 30 200 100 0.7071067811865476 0.7071067811865476 0.0
actors.Brick src/images/brick3.gif 80 30 300 100 0.7071067811865476 0.7071067811865476 0.0
actors.Brick src/images/brick4.gif 80 30 400 100 0.7071067811865476 0.7071067811865476 0.0
actors.Brick src/images/brick5.gif 80 30 500 100 0.7071067811865476 0.7071067811865476 0.0
actors.Brick src/images/brick6.gif 80 30 600 100 0.7071067811865476 0.7071067811865476 0.0
actors.Brick src/images/brick7.gif 80 30 700 100 0.7071067811865476 0.7071067811865476 0.0
actors.Brick src/images/brick8.gif 80 30 800 100 0.7071067811865476 0.7071067811865476 0.0
actors.BottomWall src/images/brick3.gif 960 16 480 666 0.7071067811865476 0.7071067811865476 0.0
actors.BottomWall src/images/brick3.gif 960 16 480 666 0.7071067811865475 0.7071067811865475 0.0
update
actors.Ball src/images/ball.gif 16 16 223 73 0.7071067811865476 0.7071067811865476 10.0
actors.Paddle src/images/paddle.gif 80 16 580 600 0.7071067811865476 0.7071067811865476 0.0
actors.Brick src/images/brick2.gif 80 30 200 100 0.7071067811865476 0.7071067811865476 0.0
actors.Brick src/images/brick3.gif 80 30 300 100 0.7071067811865476 0.7071067811865476 0.0
actors.Brick src/images/brick4.gif 80 30 400 100 0.7071067811865476 0.7071067811865476 0.0
actors.Brick src/images/brick5.gif 80 30 500 100 0.7071067811865476 0.7071067811865476 0.0
actors.Brick src/images/brick6.gif 80 30 600 100 0.7071067811865476 0.7071067811865476 0.0
actors.Brick src/images/brick7.gif 80 30 700 100 0.7071067811865476 0.7071067811865476 0.0
actors.Brick src/images/brick8.gif 80 30 800 100 0.7071067811865476 0.7071067811865476 0.0
actors.BottomWall src/images/brick3.gif 960 16 480 666 0.7071067811865476 0.7071067811865476 0.0
actors.BottomWall src/images/brick3.gif 960 16 480 666 0.7071067811865475 0.7071067811865475 0.0
update
actors.Ball src/images/ball.gif 16 16 237 72 0.7071067811865476 -0.7071067811865476 10.0
actors.Paddle src/images/paddle.gif 80 16 580 600 0.7071067811865476 0.7071067811865476 0.0
actors.Brick src/images/brick3.gif 80 30 300 100 0.7071067811865476 0.7071067811865476 0.0
actors.Brick src/images/brick4.gif 80 30 400 100 0.7071067811865476 0.7071067811865476 0.0
actors.Brick src/images/brick5.gif 80 30 500 100 0.7071067811865476 0.7071067811865476 0.0
actors.Brick src/images/brick6.gif 80 30 600 100 0.7071067811865476 0.7071067811865476 0.0
actors.Brick src/images/brick7.gif 80 30 700 100 0.7071067811865476 0.7071067811865476 0.0
actors.Brick src/images/brick8.gif 80 30 800 100 0.7071067811865476 0.7071067811865476 0.0
actors.BottomWall src/images/brick3.gif 960 16 480 666 0.7071067811865476 0.7071067811865476 0.0
actors.BottomWall src/images/brick3.gif 960 16 480 666 0.7071067811865475 0.7071067811865475 0.0
update
actors.Ball src/images/ball.gif 16 16 244 64 0.7071067811865476 -0.7071067811865476 10.0
actors.Paddle src/images/paddle.gif 80 16 580 600 0.7071067811865476 0.7071067811865476 0.0
actors.Brick src/images/brick3.gif 80 30 300 100 0.7071067811865476 0.7071067811865476 0.0
actors.Brick src/images/brick4.gif 80 30 400 100 0.7071067811865476 0.7071067811865476 0.0
actors.Brick src/images/brick5.gif 80 30 500 100 0.7071067811865476 0.7071067811865476 0.0
actors.Brick src/images/brick6.gif 80 30 600 100 0.7071067811865476 0.7071067811865476 0.0
actors.Brick src/images/brick7.gif 80 30 700 100 0.7071067811865476 0.7071067811865476 0.0
actors.Brick src/images/brick8.gif 80 30 800 100 0.7071067811865476 0.7071067811865476 0.0
actors.BottomWall src/images/brick3.gif 960 16 480 666 0.7071067811865476 0.7071067811865476 0.0
actors.BottomWall src/images/brick3.gif 960 16 480 666 0.7071067811865475 0.7071067811865475 0.0
update
actors.Ball src/images/ball.gif 16 16 251 56 0.7071067811865476 -0.7071067811865476 10.0
actors.Paddle src/images/paddle.gif 80 16 580 600 0.7071067811865476 0.7071067811865476 0.0
actors.Brick src/images/brick3.gif 80 30 300 100 0.7071067811865476 0.7071067811865476 0.0
actors.Brick src/images/brick4.gif 80 30 400 100 0.7071067811865476 0.7071067811865476 0.0
actors.Brick src/images/brick5.gif 80 30 500 100 0.7071067811865476 0.7071067811865476 0.0
actors.Brick src/images/brick6.gif 80 30 600 100 0.7071067811865476 0.7071067811865476 0.0
actors.Brick src/images/brick7.gif 80 30 700 100 0.7071067811865476 0.7071067811865476 0.0
actors.Brick src/images/brick8.gif 80 30 800 100 0.7071067811865476 0.7071067811865476 0.0
actors.BottomWall src/images/brick3.gif 960 16 480 666 0.7071067811865476 0.7071067811865476 0.0
actors.BottomWall src/images/brick3.gif 960 16 480 666 0.7071067811865475 0.7071067811865475 0.0
update
actors.Ball src/images/ball.gif 16 16 258 48 0.7071067811865476 -0.7071067811865476 10.0
actors.Paddle src/images/paddle.gif 80 16 580 600 0.7071067811865476 0.7071067811865476 0.0
actors.Brick src/images/brick3.gif 80 30 300 100 0.7071067811865476 0.7071067811865476 0.0
actors.Brick src/images/brick4.gif 80 30 400 100 0.7071067811865476 0.7071067811865476 0.0
actors.Brick src/images/brick5.gif 80 30 500 100 0.7071067811865476 0.7071067811865476 0.0
actors.Brick src/images/brick6.gif 80 30 600 100 0.7071067811865476 0.7071067811865476 0.0
actors.Brick src/images/brick7.gif 80 30 700 100 0.7071067811865476 0.7071067811865476 0.0
actors.Brick src/images/brick8.gif 80 30 800 100 0.7071067811865476 0.7071067811865476 0.0
actors.BottomWall src/images/brick3.gif 960 16 480 666 0.7071067811865476 0.7071067811865476 0.0
actors.BottomWall src/images/brick3.gif 960 16 480 666 0.7071067811865475 0.7071067811865475 0.0
update
actors.Ball src/images/ball.gif 16 16 265 40 0.7071067811865476 -0.7071067811865476 10.0
actors.Paddle src/images/paddle.gif 80 16 580 600 0.7071067811865476 0.7071067811865476 0.0
actors.Brick src/images/brick3.gif 80 30 300 100 0.7071067811865476 0.7071067811865476 0.0
actors.Brick src/images/brick4.gif 80 30 400 100 0.7071067811865476 0.7071067811865476 0.0
actors.Brick src/images/brick5.gif 80 30 500 100 0.7071067811865476 0.7071067811865476 0.0
actors.Brick src/images/brick6.gif 80 30 600 100 0.7071067811865476 0.7071067811865476 0.0
actors.Brick src/images/brick7.gif 80 30 700 100 0.7071067811865476 0.7071067811865476 0.0
actors.Brick src/images/brick8.gif 80 30 800 100 0.7071067811865476 0.7071067811865476 0.0
actors.BottomWall src/images/brick3.gif 960 16 480 666 0.7071067811865476 0.7071067811865476 0.0
actors.BottomWall src/images/brick3.gif 960 16 480 666 0.7071067811865475 0.7071067811865475 0.0
update
actors.Ball src/images/ball.gif 16 16 272 32 0.7071067811865476 -0.7071067811865476 10.0
actors.Paddle src/images/paddle.gif 80 16 580 600 0.7071067811865476 0.7071067811865476 0.0
actors.Brick src/images/brick3.gif 80 30 300 100 0.7071067811865476 0.7071067811865476 0.0
actors.Brick src/images/brick4.gif 80 30 400 100 0.7071067811865476 0.7071067811865476 0.0
actors.Brick src/images/brick5.gif 80 30 500 100 0.7071067811865476 0.7071067811865476 0.0
actors.Brick src/images/brick6.gif 80 30 600 100 0.7071067811865476 0.7071067811865476 0.0
actors.Brick src/images/brick7.gif 80 30 700 100 0.7071067811865476 0.7071067811865476 0.0
actors.Brick src/images/brick8.gif 80 30 800 100 0.7071067811865476 0.7071067811865476 0.0
actors.BottomWall src/images/brick3.gif 960 16 480 666 0.7071067811865476 0.7071067811865476 0.0
actors.BottomWall src/images/brick3.gif 960 16 480 666 0.7071067811865475 0.7071067811865475 0.0
update
actors.Ball src/images/ball.gif 16 16 279 24 0.7071067811865476 -0.7071067811865476 10.0
actors.Paddle src/images/paddle.gif 80 16 580 600 0.7071067811865476 0.7071067811865476 0.0
actors.Brick src/images/brick3.gif 80 30 300 100 0.7071067811865476 0.7071067811865476 0.0
actors.Brick src/images/brick4.gif 80 30 400 100 0.7071067811865476 0.7071067811865476 0.0
actors.Brick src/images/brick5.gif 80 30 500 100 0.7071067811865476 0.7071067811865476 0.0
actors.Brick src/images/brick6.gif 80 30 600 100 0.7071067811865476 0.7071067811865476 0.0
actors.Brick src/images/brick7.gif 80 30 700 100 0.7071067811865476 0.7071067811865476 0.0
actors.Brick src/images/brick8.gif 80 30 800 100 0.7071067811865476 0.7071067811865476 0.0
actors.BottomWall src/images/brick3.gif 960 16 480 666 0.7071067811865476 0.7071067811865476 0.0
actors.BottomWall src/images/brick3.gif 960 16 480 666 0.7071067811865475 0.7071067811865475 0.0
update
actors.Ball src/images/ball.gif 16 16 286 16 0.7071067811865476 -0.7071067811865476 10.0
actors.Paddle src/images/paddle.gif 80 16 580 600 0.7071067811865476 0.7071067811865476 0.0
actors.Brick src/images/brick3.gif 80 30 300 100 0.7071067811865476 0.7071067811865476 0.0
actors.Brick src/images/brick4.gif 80 30 400 100 0.7071067811865476 0.7071067811865476 0.0
actors.Brick src/images/brick5.gif 80 30 500 100 0.7071067811865476 0.7071067811865476 0.0
actors.Brick src/images/brick6.gif 80 30 600 100 0.7071067811865476 0.7071067811865476 0.0
actors.Brick src/images/brick7.gif 80 30 700 100 0.7071067811865476 0.7071067811865476 0.0
actors.Brick src/images/brick8.gif 80 30 800 100 0.7071067811865476 0.7071067811865476 0.0
actors.BottomWall src/images/brick3.gif 960 16 480 666 0.7071067811865476 0.7071067811865476 0.0
actors.BottomWall src/images/brick3.gif 960 16 480 666 0.7071067811865475 0.7071067811865475 0.0
update
actors.Ball src/images/ball.gif 16 16 300 15 0.7071067811865476 0.7071067811865476 10.0
actors.Paddle src/images/paddle.gif 80 16 580 600 0.7071067811865476 0.7071067811865476 0.0
actors.Brick src/images/brick3.gif 80 30 300 100 0.7071067811865476 0.7071067811865476 0.0
actors.Brick src/images/brick4.gif 80 30 400 100 0.7071067811865476 0.7071067811865476 0.0
actors.Brick src/images/brick5.gif 80 30 500 100 0.7071067811865476 0.7071067811865476 0.0
actors.Brick src/images/brick6.gif 80 30 600 100 0.7071067811865476 0.7071067811865476 0.0
actors.Brick src/images/brick7.gif 80 30 700 100 0.7071067811865476 0.7071067811865476 0.0
actors.Brick src/images/brick8.gif 80 30 800 100 0.7071067811865476 0.7071067811865476 0.0
actors.BottomWall src/images/brick3.gif 960 16 480 666 0.7071067811865476 0.7071067811865476 0.0
actors.BottomWall src/images/brick3.gif 960 16 480 666 0.7071067811865475 0.7071067811865475 0.0
update
actors.Ball src/images/ball.gif 16 16 307 22 0.7071067811865476 0.7071067811865476 10.0
actors.Paddle src/images/paddle.gif 80 16 580 600 0.7071067811865476 0.7071067811865476 0.0
actors.Brick src/images/brick3.gif 80 30 300 100 0.7071067811865476 0.7071067811865476 0.0
actors.Brick src/images/brick4.gif 80 30 400 100 0.7071067811865476 0.7071067811865476 0.0
actors.Brick src/images/brick5.gif 80 30 500 100 0.7071067811865476 0.7071067811865476 0.0
actors.Brick src/images/brick6.gif 80 30 600 100 0.7071067811865476 0.7071067811865476 0.0
actors.Brick src/images/brick7.gif 80 30 700 100 0.7071067811865476 0.7071067811865476 0.0
actors.Brick src/images/brick8.gif 80 30 800 100 0.7071067811865476 0.7071067811865476 0.0
actors.BottomWall src/images/brick3.gif 960 16 480 666 0.7071067811865476 0.7071067811865476 0.0
actors.BottomWall src/images/brick3.gif 960 16 480 666 0.7071067811865475 0.7071067811865475 0.0
update
actors.Ball src/images/ball.gif 16 16 314 29 0.7071067811865476 0.7071067811865476 10.0
actors.Paddle src/images/paddle.gif 80 16 580 600 0.7071067811865476 0.7071067811865476 0.0
actors.Brick src/images/brick3.gif 80 30 300 100 0.7071067811865476 0.7071067811865476 0.0
actors.Brick src/images/brick4.gif 80 30 400 100 0.7071067811865476 0.7071067811865476 0.0
actors.Brick src/images/brick5.gif 80 30 500 100 0.7071067811865476 0.7071067811865476 0.0
actors.Brick src/images/brick6.gif 80 30 600 100 0.7071067811865476 0.7071067811865476 0.0
actors.Brick src/images/brick7.gif 80 30 700 100 0.7071067811865476 0.7071067811865476 0.0
actors.Brick src/images/brick8.gif 80 30 800 100 0.7071067811865476 0.7071067811865476 0.0
actors.BottomWall src/images/brick3.gif 960 16 480 666 0.7071067811865476 0.7071067811865476 0.0
actors.BottomWall src/images/brick3.gif 960 16 480 666 0.7071067811865475 0.7071067811865475 0.0
update
actors.Ball src/images/ball.gif 16 16 321 36 0.7071067811865476 0.7071067811865476 10.0
actors.Paddle src/images/paddle.gif 80 16 580 600 0.7071067811865476 0.7071067811865476 0.0
actors.Brick src/images/brick3.gif 80 30 300 100 0.7071067811865476 0.7071067811865476 0.0
actors.Brick src/images/brick4.gif 80 30 400 100 0.7071067811865476 0.7071067811865476 0.0
actors.Brick src/images/brick5.gif 80 30 500 100 0.7071067811865476 0.7071067811865476 0.0
actors.Brick src/images/brick6.gif 80 30 600 100 0.7071067811865476 0.7071067811865476 0.0
actors.Brick src/images/brick7.gif 80 30 700 100 0.7071067811865476 0.7071067811865476 0.0
actors.Brick src/images/brick8.gif 80 30 800 100 0.7071067811865476 0.7071067811865476 0.0
actors.BottomWall src/images/brick3.gif 960 16 480 666 0.7071067811865476 0.7071067811865476 0.0
actors.BottomWall src/images/brick3.gif 960 16 480 666 0.7071067811865475 0.7071067811865475 0.0
update
actors.Ball src/images/ball.gif 16 16 328 43 0.7071067811865476 0.7071067811865476 10.0
actors.Paddle src/images/paddle.gif 80 16 580 600 0.7071067811865476 0.7071067811865476 0.0
actors.Brick src/images/brick3.gif 80 30 300 100 0.7071067811865476 0.7071067811865476 0.0
actors.Brick src/images/brick4.gif 80 30 400 100 0.7071067811865476 0.7071067811865476 0.0
actors.Brick src/images/brick5.gif 80 30 500 100 0.7071067811865476 0.7071067811865476 0.0
actors.Brick src/images/brick6.gif 80 30 600 100 0.7071067811865476 0.7071067811865476 0.0
actors.Brick src/images/brick7.gif 80 30 700 100 0.7071067811865476 0.7071067811865476 0.0
actors.Brick src/images/brick8.gif 80 30 800 100 0.7071067811865476 0.7071067811865476 0.0
actors.BottomWall src/images/brick3.gif 960 16 480 666 0.7071067811865476 0.7071067811865476 0.0
actors.BottomWall src/images/brick3.gif 960 16 480 666 0.7071067811865475 0.7071067811865475 0.0
update
actors.Ball src/images/ball.gif 16 16 335 50 0.7071067811865476 0.7071067811865476 10.0
actors.Paddle src/images/paddle.gif 80 16 580 600 0.7071067811865476 0.7071067811865476 0.0
actors.Brick src/images/brick3.gif 80 30 300 100 0.7071067811865476 0.7071067811865476 0.0
actors.Brick src/images/brick4.gif 80 30 400 100 0.7071067811865476 0.7071067811865476 0.0
actors.Brick src/images/brick5.gif 80 30 500 100 0.7071067811865476 0.7071067811865476 0.0
actors.Brick src/images/brick6.gif 80 30 600 100 0.7071067811865476 0.7071067811865476 0.0
actors.Brick src/images/brick7.gif 80 30 700 100 0.7071067811865476 0.7071067811865476 0.0
actors.Brick src/images/brick8.gif 80 30 800 100 0.7071067811865476 0.7071067811865476 0.0
actors.BottomWall src/images/brick3.gif 960 16 480 666 0.7071067811865476 0.7071067811865476 0.0
actors.BottomWall src/images/brick3.gif 960 16 480 666 0.7071067811865475 0.7071067811865475 0.0
update
actors.Ball src/images/ball.gif 16 16 342 57 0.7071067811865476 0.7071067811865476 10.0
actors.Paddle src/images/paddle.gif 80 16 580 600 0.7071067811865476 0.7071067811865476 0.0
actors.Brick src/images/brick3.gif 80 30 300 100 0.7071067811865476 0.7071067811865476 0.0
actors.Brick src/images/brick4.gif 80 30 400 100 0.7071067811865476 0.7071067811865476 0.0
actors.Brick src/images/brick5.gif 80 30 500 100 0.7071067811865476 0.7071067811865476 0.0
actors.Brick src/images/brick6.gif 80 30 600 100 0.7071067811865476 0.7071067811865476 0.0
actors.Brick src/images/brick7.gif 80 30 700 100 0.7071067811865476 0.7071067811865476 0.0
actors.Brick src/images/brick8.gif 80 30 800 100 0.7071067811865476 0.7071067811865476 0.0
actors.BottomWall src/images/brick3.gif 960 16 480 666 0.7071067811865476 0.7071067811865476 0.0
actors.BottomWall src/images/brick3.gif 960 16 480 666 0.7071067811865475 0.7071067811865475 0.0
update
actors.Ball src/images/ball.gif 16 16 349 64 0.7071067811865476 0.7071067811865476 10.0
actors.Paddle src/images/paddle.gif 80 16 580 600 0.7071067811865476 0.7071067811865476 0.0
actors.Brick src/images/brick3.gif 80 30 300 100 0.7071067811865476 0.7071067811865476 0.0
actors.Brick src/images/brick4.gif 80 30 400 100 0.7071067811865476 0.7071067811865476 0.0
actors.Brick src/images/brick5.gif 80 30 500 100 0.7071067811865476 0.7071067811865476 0.0
actors.Brick src/images/brick6.gif 80 30 600 100 0.7071067811865476 0.7071067811865476 0.0
actors.Brick src/images/brick7.gif 80 30 700 100 0.7071067811865476 0.7071067811865476 0.0
actors.Brick src/images/brick8.gif 80 30 800 100 0.7071067811865476 0.7071067811865476 0.0
actors.BottomWall src/images/brick3.gif 960 16 480 666 0.7071067811865476 0.7071067811865476 0.0
actors.BottomWall src/images/brick3.gif 960 16 480 666 0.7071067811865475 0.7071067811865475 0.0
update
actors.Ball src/images/ball.gif 16 16 356 71 0.7071067811865476 0.7071067811865476 10.0
actors.Paddle src/images/paddle.gif 80 16 580 600 0.7071067811865476 0.7071067811865476 0.0
actors.Brick src/images/brick3.gif 80 30 300 100 0.7071067811865476 0.7071067811865476 0.0
actors.Brick src/images/brick4.gif 80 30 400 100 0.7071067811865476 0.7071067811865476 0.0
actors.Brick src/images/brick5.gif 80 30 500 100 0.7071067811865476 0.7071067811865476 0.0
actors.Brick src/images/brick6.gif 80 30 600 100 0.7071067811865476 0.7071067811865476 0.0
actors.Brick src/images/brick7.gif 80 30 700 100 0.7071067811865476 0.7071067811865476 0.0
actors.Brick src/images/brick8.gif 80 30 800 100 0.7071067811865476 0.7071067811865476 0.0
actors.BottomWall src/images/brick3.gif 960 16 480 666 0.7071067811865476 0.7071067811865476 0.0
actors.BottomWall src/images/brick3.gif 960 16 480 666 0.7071067811865475 0.7071067811865475 0.0
update
actors.Ball src/images/ball.gif 16 16 370 70 0.7071067811865476 -0.7071067811865476 10.0
actors.Paddle src/images/paddle.gif 80 16 580 600 0.7071067811865476 0.7071067811865476 0.0
actors.Brick src/images/brick3.gif 80 30 300 100 0.7071067811865476 0.7071067811865476 0.0
actors.Brick src/images/brick4.gif 80 30 400 100 0.7071067811865476 0.7071067811865476 0.0
actors.Brick src/images/brick5.gif 80 30 500 100 0.7071067811865476 0.7071067811865476 0.0
actors.Brick src/images/brick6.gif 80 30 600 100 0.7071067811865476 0.7071067811865476 0.0
actors.Brick src/images/brick7.gif 80 30 700 100 0.7071067811865476 0.7071067811865476 0.0
actors.Brick src/images/brick8.gif 80 30 800 100 0.7071067811865476 0.7071067811865476 0.0
actors.BottomWall src/images/brick3.gif 960 16 480 666 0.7071067811865476 0.7071067811865476 0.0
actors.BottomWall src/images/brick3.gif 960 16 480 666 0.7071067811865475 0.7071067811865475 0.0
update
actors.Ball src/images/ball.gif 16 16 377 62 0.7071067811865476 -0.7071067811865476 10.0
actors.Paddle src/images/paddle.gif 80 16 580 600 0.7071067811865476 0.7071067811865476 0.0
actors.Brick src/images/brick3.gif 80 30 300 100 0.7071067811865476 0.7071067811865476 0.0
actors.Brick src/images/brick4.gif 80 30 400 100 0.7071067811865476 0.7071067811865476 0.0
actors.Brick src/images/brick5.gif 80 30 500 100 0.7071067811865476 0.7071067811865476 0.0
actors.Brick src/images/brick6.gif 80 30 600 100 0.7071067811865476 0.7071067811865476 0.0
actors.Brick src/images/brick7.gif 80 30 700 100 0.7071067811865476 0.7071067811865476 0.0
actors.Brick src/images/brick8.gif 80 30 800 100 0.7071067811865476 0.7071067811865476 0.0
actors.BottomWall src/images/brick3.gif 960 16 480 666 0.7071067811865476 0.7071067811865476 0.0
actors.BottomWall src/images/brick3.gif 960 16 480 666 0.7071067811865475 0.7071067811865475 0.0
update
actors.Ball src/images/ball.gif 16 16 384 54 0.7071067811865476 -0.7071067811865476 10.0
actors.Paddle src/images/paddle.gif 80 16 580 600 0.7071067811865476 0.7071067811865476 0.0
actors.Brick src/images/brick3.gif 80 30 300 100 0.7071067811865476 0.7071067811865476 0.0
actors.Brick src/images/brick4.gif 80 30 400 100 0.7071067811865476 0.7071067811865476 0.0
actors.Brick src/images/brick5.gif 80 30 500 100 0.7071067811865476 0.7071067811865476 0.0
actors.Brick src/images/brick6.gif 80 30 600 100 0.7071067811865476 0.7071067811865476 0.0
actors.Brick src/images/brick7.gif 80 30 700 100 0.7071067811865476 0.7071067811865476 0.0
actors.Brick src/images/brick8.gif 80 30 800 100 0.7071067811865476 0.7071067811865476 0.0
actors.BottomWall src/images/brick3.gif 960 16 480 666 0.7071067811865476 0.7071067811865476 0.0
actors.BottomWall src/images/brick3.gif 960 16 480 666 0.7071067811865475 0.7071067811865475 0.0
update
actors.Ball src/images/ball.gif 16 16 391 46 0.7071067811865476 -0.7071067811865476 10.0
actors.Paddle src/images/paddle.gif 80 16 580 600 0.7071067811865476 0.7071067811865476 0.0
actors.Brick src/images/brick3.gif 80 30 300 100 0.7071067811865476 0.7071067811865476 0.0
actors.Brick src/images/brick4.gif 80 30 400 100 0.7071067811865476 0.7071067811865476 0.0
actors.Brick src/images/brick5.gif 80 30 500 100 0.7071067811865476 0.7071067811865476 0.0
actors.Brick src/images/brick6.gif 80 30 600 100 0.7071067811865476 0.7071067811865476 0.0
actors.Brick src/images/brick7.gif 80 30 700 100 0.7071067811865476 0.7071067811865476 0.0
actors.Brick src/images/brick8.gif 80 30 800 100 0.7071067811865476 0.7071067811865476 0.0
actors.BottomWall src/images/brick3.gif 960 16 480 666 0.7071067811865476 0.7071067811865476 0.0
actors.BottomWall src/images/brick3.gif 960 16 480 666 0.7071067811865475 0.7071067811865475 0.0
update
actors.Ball src/images/ball.gif 16 16 398 38 0.7071067811865476 -0.7071067811865476 10.0
actors.Paddle src/images/paddle.gif 80 16 580 600 0.7071067811865476 0.7071067811865476 0.0
actors.Brick src/images/brick3.gif 80 30 300 100 0.7071067811865476 0.7071067811865476 0.0
actors.Brick src/images/brick4.gif 80 30 400 100 0.7071067811865476 0.7071067811865476 0.0
actors.Brick src/images/brick5.gif 80 30 500 100 0.7071067811865476 0.7071067811865476 0.0
actors.Brick src/images/brick6.gif 80 30 600 100 0.7071067811865476 0.7071067811865476 0.0
actors.Brick src/images/brick7.gif 80 30 700 100 0.7071067811865476 0.7071067811865476 0.0
actors.Brick src/images/brick8.gif 80 30 800 100 0.7071067811865476 0.7071067811865476 0.0
actors.BottomWall src/images/brick3.gif 960 16 480 666 0.7071067811865476 0.7071067811865476 0.0
actors.BottomWall src/images/brick3.gif 960 16 480 666 0.7071067811865475 0.7071067811865475 0.0
update
actors.Ball src/images/ball.gif 16 16 405 30 0.7071067811865476 -0.7071067811865476 10.0
actors.Paddle src/images/paddle.gif 80 16 580 600 0.7071067811865476 0.7071067811865476 0.0
actors.Brick src/images/brick3.gif 80 30 300 100 0.7071067811865476 0.7071067811865476 0.0
actors.Brick src/images/brick4.gif 80 30 400 100 0.7071067811865476 0.7071067811865476 0.0
actors.Brick src/images/brick5.gif 80 30 500 100 0.7071067811865476 0.7071067811865476 0.0
actors.Brick src/images/brick6.gif 80 30 600 100 0.7071067811865476 0.7071067811865476 0.0
actors.Brick src/images/brick7.gif 80 30 700 100 0.7071067811865476 0.7071067811865476 0.0
actors.Brick src/images/brick8.gif 80 30 800 100 0.7071067811865476 0.7071067811865476 0.0
actors.BottomWall src/images/brick3.gif 960 16 480 666 0.7071067811865476 0.7071067811865476 0.0
actors.BottomWall src/images/brick3.gif 960 16 480 666 0.7071067811865475 0.7071067811865475 0.0
update
actors.Ball src/images/ball.gif 16 16 412 22 0.7071067811865476 -0.7071067811865476 10.0
actors.Paddle src/images/paddle.gif 80 16 580 600 0.7071067811865476 0.7071067811865476 0.0
actors.Brick src/images/brick3.gif 80 30 300 100 0.7071067811865476 0.7071067811865476 0.0
actors.Brick src/images/brick4.gif 80 30 400 100 0.7071067811865476 0.7071067811865476 0.0
actors.Brick src/images/brick5.gif 80 30 500 100 0.7071067811865476 0.7071067811865476 0.0
actors.Brick src/images/brick6.gif 80 30 600 100 0.7071067811865476 0.7071067811865476 0.0
actors.Brick src/images/brick7.gif 80 30 700 100 0.7071067811865476 0.7071067811865476 0.0
actors.Brick src/images/brick8.gif 80 30 800 100 0.7071067811865476 0.7071067811865476 0.0
actors.BottomWall src/images/brick3.gif 960 16 480 666 0.7071067811865476 0.7071067811865476 0.0
actors.BottomWall src/images/brick3.gif 960 16 480 666 0.7071067811865475 0.7071067811865475 0.0
update
actors.Ball src/images/ball.gif 16 16 419 14 0.7071067811865476 -0.7071067811865476 10.0
actors.Paddle src/images/paddle.gif 80 16 580 600 0.7071067811865476 0.7071067811865476 0.0
actors.Brick src/images/brick3.gif 80 30 300 100 0.7071067811865476 0.7071067811865476 0.0
actors.Brick src/images/brick4.gif 80 30 400 100 0.7071067811865476 0.7071067811865476 0.0
actors.Brick src/images/brick5.gif 80 30 500 100 0.7071067811865476 0.7071067811865476 0.0
actors.Brick src/images/brick6.gif 80 30 600 100 0.7071067811865476 0.7071067811865476 0.0
actors.Brick src/images/brick7.gif 80 30 700 100 0.7071067811865476 0.7071067811865476 0.0
actors.Brick src/images/brick8.gif 80 30 800 100 0.7071067811865476 0.7071067811865476 0.0
actors.BottomWall src/images/brick3.gif 960 16 480 666 0.7071067811865476 0.7071067811865476 0.0
actors.BottomWall src/images/brick3.gif 960 16 480 666 0.7071067811865475 0.7071067811865475 0.0
update
actors.Ball src/images/ball.gif 16 16 433 13 0.7071067811865476 0.7071067811865476 10.0
actors.Paddle src/images/paddle.gif 80 16 580 600 0.7071067811865476 0.7071067811865476 0.0
actors.Brick src/images/brick3.gif 80 30 300 100 0.7071067811865476 0.7071067811865476 0.0
actors.Brick src/images/brick4.gif 80 30 400 100 0.7071067811865476 0.7071067811865476 0.0
actors.Brick src/images/brick5.gif 80 30 500 100 0.7071067811865476 0.7071067811865476 0.0
actors.Brick src/images/brick6.gif 80 30 600 100 0.7071067811865476 0.7071067811865476 0.0
actors.Brick src/images/brick7.gif 80 30 700 100 0.7071067811865476 0.7071067811865476 0.0
actors.Brick src/images/brick8.gif 80 30 800 100 0.7071067811865476 0.7071067811865476 0.0
actors.BottomWall src/images/brick3.gif 960 16 480 666 0.7071067811865476 0.7071067811865476 0.0
actors.BottomWall src/images/brick3.gif 960 16 480 666 0.7071067811865475 0.7071067811865475 0.0
update
actors.Ball src/images/ball.gif 16 16 440 20 0.7071067811865476 0.7071067811865476 10.0
actors.Paddle src/images/paddle.gif 80 16 580 600 0.7071067811865476 0.7071067811865476 0.0
actors.Brick src/images/brick3.gif 80 30 300 100 0.7071067811865476 0.7071067811865476 0.0
actors.Brick src/images/brick4.gif 80 30 400 100 0.7071067811865476 0.7071067811865476 0.0
actors.Brick src/images/brick5.gif 80 30 500 100 0.7071067811865476 0.7071067811865476 0.0
actors.Brick src/images/brick6.gif 80 30 600 100 0.7071067811865476 0.7071067811865476 0.0
actors.Brick src/images/brick7.gif 80 30 700 100 0.7071067811865476 0.7071067811865476 0.0
actors.Brick src/images/brick8.gif 80 30 800 100 0.7071067811865476 0.7071067811865476 0.0
actors.BottomWall src/images/brick3.gif 960 16 480 666 0.7071067811865476 0.7071067811865476 0.0
actors.BottomWall src/images/brick3.gif 960 16 480 666 0.7071067811865475 0.7071067811865475 0.0
update
actors.Ball src/images/ball.gif 16 16 447 27 0.7071067811865476 0.7071067811865476 10.0
actors.Paddle src/images/paddle.gif 80 16 580 600 0.7071067811865476 0.7071067811865476 0.0
actors.Brick src/images/brick3.gif 80 30 300 100 0.7071067811865476 0.7071067811865476 0.0
actors.Brick src/images/brick4.gif 80 30 400 100 0.7071067811865476 0.7071067811865476 0.0
actors.Brick src/images/brick5.gif 80 30 500 100 0.7071067811865476 0.7071067811865476 0.0
actors.Brick src/images/brick6.gif 80 30 600 100 0.7071067811865476 0.7071067811865476 0.0
actors.Brick src/images/brick7.gif 80 30 700 100 0.7071067811865476 0.7071067811865476 0.0
actors.Brick src/images/brick8.gif 80 30 800 100 0.7071067811865476 0.7071067811865476 0.0
actors.BottomWall src/images/brick3.gif 960 16 480 666 0.7071067811865476 0.7071067811865476 0.0
actors.BottomWall src/images/brick3.gif 960 16 480 666 0.7071067811865475 0.7071067811865475 0.0
update
actors.Ball src/images/ball.gif 16 16 454 34 0.7071067811865476 0.7071067811865476 10.0
actors.Paddle src/images/paddle.gif 80 16 580 600 0.7071067811865476 0.7071067811865476 0.0
actors.Brick src/images/brick3.gif 80 30 300 100 0.7071067811865476 0.7071067811865476 0.0
actors.Brick src/images/brick4.gif 80 30 400 100 0.7071067811865476 0.7071067811865476 0.0
actors.Brick src/images/brick5.gif 80 30 500 100 0.7071067811865476 0.7071067811865476 0.0
actors.Brick src/images/brick6.gif 80 30 600 100 0.7071067811865476 0.7071067811865476 0.0
actors.Brick src/images/brick7.gif 80 30 700 100 0.7071067811865476 0.7071067811865476 0.0
actors.Brick src/images/brick8.gif 80 30 800 100 0.7071067811865476 0.7071067811865476 0.0
actors.BottomWall src/images/brick3.gif 960 16 480 666 0.7071067811865476 0.7071067811865476 0.0
actors.BottomWall src/images/brick3.gif 960 16 480 666 0.7071067811865475 0.7071067811865475 0.0
update
actors.Ball src/images/ball.gif 16 16 461 41 0.7071067811865476 0.7071067811865476 10.0
actors.Paddle src/images/paddle.gif 80 16 580 600 0.7071067811865476 0.7071067811865476 0.0
actors.Brick src/images/brick3.gif 80 30 300 100 0.7071067811865476 0.7071067811865476 0.0
actors.Brick src/images/brick4.gif 80 30 400 100 0.7071067811865476 0.7071067811865476 0.0
actors.Brick src/images/brick5.gif 80 30 500 100 0.7071067811865476 0.7071067811865476 0.0
actors.Brick src/images/brick6.gif 80 30 600 100 0.7071067811865476 0.7071067811865476 0.0
actors.Brick src/images/brick7.gif 80 30 700 100 0.7071067811865476 0.7071067811865476 0.0
actors.Brick src/images/brick8.gif 80 30 800 100 0.7071067811865476 0.7071067811865476 0.0
actors.BottomWall src/images/brick3.gif 960 16 480 666 0.7071067811865476 0.7071067811865476 0.0
actors.BottomWall src/images/brick3.gif 960 16 480 666 0.7071067811865475 0.7071067811865475 0.0
update
actors.Ball src/images/ball.gif 16 16 468 48 0.7071067811865476 0.7071067811865476 10.0
actors.Paddle src/images/paddle.gif 80 16 580 600 0.7071067811865476 0.7071067811865476 0.0
actors.Brick src/images/brick3.gif 80 30 300 100 0.7071067811865476 0.7071067811865476 0.0
actors.Brick src/images/brick4.gif 80 30 400 100 0.7071067811865476 0.7071067811865476 0.0
actors.Brick src/images/brick5.gif 80 30 500 100 0.7071067811865476 0.7071067811865476 0.0
actors.Brick src/images/brick6.gif 80 30 600 100 0.7071067811865476 0.7071067811865476 0.0
actors.Brick src/images/brick7.gif 80 30 700 100 0.7071067811865476 0.7071067811865476 0.0
actors.Brick src/images/brick8.gif 80 30 800 100 0.7071067811865476 0.7071067811865476 0.0
actors.BottomWall src/images/brick3.gif 960 16 480 666 0.7071067811865476 0.7071067811865476 0.0
actors.BottomWall src/images/brick3.gif 960 16 480 666 0.7071067811865475 0.7071067811865475 0.0
update
actors.Ball src/images/ball.gif 16 16 475 55 0.7071067811865476 0.7071067811865476 10.0
actors.Paddle src/images/paddle.gif 80 16 580 600 0.7071067811865476 0.7071067811865476 0.0
actors.Brick src/images/brick3.gif 80 30 300 100 0.7071067811865476 0.7071067811865476 0.0
actors.Brick src/images/brick4.gif 80 30 400 100 0.7071067811865476 0.7071067811865476 0.0
actors.Brick src/images/brick5.gif 80 30 500 100 0.7071067811865476 0.7071067811865476 0.0
actors.Brick src/images/brick6.gif 80 30 600 100 0.7071067811865476 0.7071067811865476 0.0
actors.Brick src/images/brick7.gif 80 30 700 100 0.7071067811865476 0.7071067811865476 0.0
actors.Brick src/images/brick8.gif 80 30 800 100 0.7071067811865476 0.7071067811865476 0.0
actors.BottomWall src/images/brick3.gif 960 16 480 666 0.7071067811865476 0.7071067811865476 0.0
actors.BottomWall src/images/brick3.gif 960 16 480 666 0.7071067811865475 0.7071067811865475 0.0
update
actors.Ball src/images/ball.gif 16 16 482 62 0.7071067811865476 0.7071067811865476 10.0
actors.Paddle src/images/paddle.gif 80 16 580 600 0.7071067811865476 0.7071067811865476 0.0
actors.Brick src/images/brick3.gif 80 30 300 100 0.7071067811865476 0.7071067811865476 0.0
actors.Brick src/images/brick4.gif 80 30 400 100 0.7071067811865476 0.7071067811865476 0.0
actors.Brick src/images/brick5.gif 80 30 500 100 0.7071067811865476 0.7071067811865476 0.0
actors.Brick src/images/brick6.gif 80 30 600 100 0.7071067811865476 0.7071067811865476 0.0
actors.Brick src/images/brick7.gif 80 30 700 100 0.7071067811865476 0.7071067811865476 0.0
actors.Brick src/images/brick8.gif 80 30 800 100 0.7071067811865476 0.7071067811865476 0.0
actors.BottomWall src/images/brick3.gif 960 16 480 666 0.7071067811865476 0.7071067811865476 0.0
actors.BottomWall src/images/brick3.gif 960 16 480 666 0.7071067811865475 0.7071067811865475 0.0
update
actors.Ball src/images/ball.gif 16 16 489 69 0.7071067811865476 0.7071067811865476 10.0
actors.Paddle src/images/paddle.gif 80 16 580 600 0.7071067811865476 0.7071067811865476 0.0
actors.Brick src/images/brick3.gif 80 30 300 100 0.7071067811865476 0.7071067811865476 0.0
actors.Brick src/images/brick4.gif 80 30 400 100 0.7071067811865476 0.7071067811865476 0.0
actors.Brick src/images/brick5.gif 80 30 500 100 0.7071067811865476 0.7071067811865476 0.0
actors.Brick src/images/brick6.gif 80 30 600 100 0.7071067811865476 0.7071067811865476 0.0
actors.Brick src/images/brick7.gif 80 30 700 100 0.7071067811865476 0.7071067811865476 0.0
actors.Brick src/images/brick8.gif 80 30 800 100 0.7071067811865476 0.7071067811865476 0.0
actors.BottomWall src/images/brick3.gif 960 16 480 666 0.7071067811865476 0.7071067811865476 0.0
actors.BottomWall src/images/brick3.gif 960 16 480 666 0.7071067811865475 0.7071067811865475 0.0
update
actors.Ball src/images/ball.gif 16 16 496 76 0.7071067811865476 0.7071067811865476 10.0
actors.Paddle src/images/paddle.gif 80 16 580 600 0.7071067811865476 0.7071067811865476 0.0
actors.Brick src/images/brick3.gif 80 30 300 100 0.7071067811865476 0.7071067811865476 0.0
actors.Brick src/images/brick4.gif 80 30 400 100 0.7071067811865476 0.7071067811865476 0.0
actors.Brick src/images/brick5.gif 80 30 500 100 0.7071067811865476 0.7071067811865476 0.0
actors.Brick src/images/brick6.gif 80 30 600 100 0.7071067811865476 0.7071067811865476 0.0
actors.Brick src/images/brick7.gif 80 30 700 100 0.7071067811865476 0.7071067811865476 0.0
actors.Brick src/images/brick8.gif 80 30 800 100 0.7071067811865476 0.7071067811865476 0.0
actors.BottomWall src/images/brick3.gif 960 16 480 666 0.7071067811865476 0.7071067811865476 0.0
actors.BottomWall src/images/brick3.gif 960 16 480 666 0.7071067811865475 0.7071067811865475 0.0
update
actors.Ball src/images/ball.gif 16 16 510 75 0.7071067811865476 -0.7071067811865476 10.0
actors.Paddle src/images/paddle.gif 80 16 580 600 0.7071067811865476 0.7071067811865476 0.0
actors.Brick src/images/brick3.gif 80 30 300 100 0.7071067811865476 0.7071067811865476 0.0
actors.Brick src/images/brick4.gif 80 30 400 100 0.7071067811865476 0.7071067811865476 0.0
actors.Brick src/images/brick5.gif 80 30 500 100 0.7071067811865476 0.7071067811865476 0.0
actors.Brick src/images/brick6.gif 80 30 600 100 0.7071067811865476 0.7071067811865476 0.0
actors.Brick src/images/brick7.gif 80 30 700 100 0.7071067811865476 0.7071067811865476 0.0
actors.Brick src/images/brick8.gif 80 30 800 100 0.7071067811865476 0.7071067811865476 0.0
actors.BottomWall src/images/brick3.gif 960 16 480 666 0.7071067811865476 0.7071067811865476 0.0
actors.BottomWall src/images/brick3.gif 960 16 480 666 0.7071067811865475 0.7071067811865475 0.0
update
actors.Ball src/images/ball.gif 16 16 517 67 0.7071067811865476 -0.7071067811865476 10.0
actors.Paddle src/images/paddle.gif 80 16 580 600 0.7071067811865476 0.7071067811865476 0.0
actors.Brick src/images/brick3.gif 80 30 300 100 0.7071067811865476 0.7071067811865476 0.0
actors.Brick src/images/brick4.gif 80 30 400 100 0.7071067811865476 0.7071067811865476 0.0
actors.Brick src/images/brick5.gif 80 30 500 100 0.7071067811865476 0.7071067811865476 0.0
actors.Brick src/images/brick6.gif 80 30 600 100 0.7071067811865476 0.7071067811865476 0.0
actors.Brick src/images/brick7.gif 80 30 700 100 0.7071067811865476 0.7071067811865476 0.0
actors.Brick src/images/brick8.gif 80 30 800 100 0.7071067811865476 0.7071067811865476 0.0
actors.BottomWall src/images/brick3.gif 960 16 480 666 0.7071067811865476 0.7071067811865476 0.0
actors.BottomWall src/images/brick3.gif 960 16 480 666 0.7071067811865475 0.7071067811865475 0.0
update
actors.Ball src/images/ball.gif 16 16 524 59 0.7071067811865476 -0.7071067811865476 10.0
actors.Paddle src/images/paddle.gif 80 16 580 600 0.7071067811865476 0.7071067811865476 0.0
actors.Brick src/images/brick3.gif 80 30 300 100 0.7071067811865476 0.7071067811865476 0.0
actors.Brick src/images/brick4.gif 80 30 400 100 0.7071067811865476 0.7071067811865476 0.0
actors.Brick src/images/brick5.gif 80 30 500 100 0.7071067811865476 0.7071067811865476 0.0
actors.Brick src/images/brick6.gif 80 30 600 100 0.7071067811865476 0.7071067811865476 0.0
actors.Brick src/images/brick7.gif 80 30 700 100 0.7071067811865476 0.7071067811865476 0.0
actors.Brick src/images/brick8.gif 80 30 800 100 0.7071067811865476 0.7071067811865476 0.0
actors.BottomWall src/images/brick3.gif 960 16 480 666 0.7071067811865476 0.7071067811865476 0.0
actors.BottomWall src/images/brick3.gif 960 16 480 666 0.7071067811865475 0.7071067811865475 0.0
update
actors.Ball src/images/ball.gif 16 16 531 51 0.7071067811865476 -0.7071067811865476 10.0
actors.Paddle src/images/paddle.gif 80 16 580 600 0.7071067811865476 0.7071067811865476 0.0
actors.Brick src/images/brick3.gif 80 30 300 100 0.7071067811865476 0.7071067811865476 0.0
actors.Brick src/images/brick4.gif 80 30 400 100 0.7071067811865476 0.7071067811865476 0.0
actors.Brick src/images/brick5.gif 80 30 500 100 0.7071067811865476 0.7071067811865476 0.0
actors.Brick src/images/brick6.gif 80 30 600 100 0.7071067811865476 0.7071067811865476 0.0
actors.Brick src/images/brick7.gif 80 30 700 100 0.7071067811865476 0.7071067811865476 0.0
actors.Brick src/images/brick8.gif 80 30 800 100 0.7071067811865476 0.7071067811865476 0.0
actors.BottomWall src/images/brick3.gif 960 16 480 666 0.7071067811865476 0.7071067811865476 0.0
actors.BottomWall src/images/brick3.gif 960 16 480 666 0.7071067811865475 0.7071067811865475 0.0
update
actors.Ball src/images/ball.gif 16 16 538 43 0.7071067811865476 -0.7071067811865476 10.0
actors.Paddle src/images/paddle.gif 80 16 580 600 0.7071067811865476 0.7071067811865476 0.0
actors.Brick src/images/brick3.gif 80 30 300 100 0.7071067811865476 0.7071067811865476 0.0
actors.Brick src/images/brick4.gif 80 30 400 100 0.7071067811865476 0.7071067811865476 0.0
actors.Brick src/images/brick5.gif 80 30 500 100 0.7071067811865476 0.7071067811865476 0.0
actors.Brick src/images/brick6.gif 80 30 600 100 0.7071067811865476 0.7071067811865476 0.0
actors.Brick src/images/brick7.gif 80 30 700 100 0.7071067811865476 0.7071067811865476 0.0
actors.Brick src/images/brick8.gif 80 30 800 100 0.7071067811865476 0.7071067811865476 0.0
actors.BottomWall src/images/brick3.gif 960 16 480 666 0.7071067811865476 0.7071067811865476 0.0
actors.BottomWall src/images/brick3.gif 960 16 480 666 0.7071067811865475 0.7071067811865475 0.0
update
actors.Ball src/images/ball.gif 16 16 545 35 0.7071067811865476 -0.7071067811865476 10.0
actors.Paddle src/images/paddle.gif 80 16 580 600 0.7071067811865476 0.7071067811865476 0.0
actors.Brick src/images/brick3.gif 80 30 300 100 0.7071067811865476 0.7071067811865476 0.0
actors.Brick src/images/brick4.gif 80 30 400 100 0.7071067811865476 0.7071067811865476 0.0
actors.Brick src/images/brick5.gif 80 30 500 100 0.7071067811865476 0.7071067811865476 0.0
actors.Brick src/images/brick6.gif 80 30 600 100 0.7071067811865476 0.7071067811865476 0.0
actors.Brick src/images/brick7.gif 80 30 700 100 0.7071067811865476 0.7071067811865476 0.0
actors.Brick src/images/brick8.gif 80 30 800 100 0.7071067811865476 0.7071067811865476 0.0
actors.BottomWall src/images/brick3.gif 960 16 480 666 0.7071067811865476 0.7071067811865476 0.0
actors.BottomWall src/images/brick3.gif 960 16 480 666 0.7071067811865475 0.7071067811865475 0.0
update
actors.Ball src/images/ball.gif 16 16 552 27 0.7071067811865476 -0.7071067811865476 10.0
actors.Paddle src/images/paddle.gif 80 16 580 600 0.7071067811865476 0.7071067811865476 0.0
actors.Brick src/images/brick3.gif 80 30 300 100 0.7071067811865476 0.7071067811865476 0.0
actors.Brick src/images/brick4.gif 80 30 400 100 0.7071067811865476 0.7071067811865476 0.0
actors.Brick src/images/brick5.gif 80 30 500 100 0.7071067811865476 0.7071067811865476 0.0
actors.Brick src/images/brick6.gif 80 30 600 100 0.7071067811865476 0.7071067811865476 0.0
actors.Brick src/images/brick7.gif 80 30 700 100 0.7071067811865476 0.7071067811865476 0.0
actors.Brick src/images/brick8.gif 80 30 800 100 0.7071067811865476 0.7071067811865476 0.0
actors.BottomWall src/images/brick3.gif 960 16 480 666 0.7071067811865476 0.7071067811865476 0.0
actors.BottomWall src/images/brick3.gif 960 16 480 666 0.7071067811865475 0.7071067811865475 0.0
