actors.Ball src/images/ball.gif 16 16 490 450 -0.7071067811865475 -0.7071067811865475 10.0
actors.Paddle src/images/paddle.gif 80 16 580 600 0.7071067811865475 0.7071067811865475 0.0
actors.Brick src/images/brick1.gif 80 30 100 100 0.7071067811865475 0.7071067811865475 0.0
actors.Brick src/images/brick2.gif 80 30 200 100 0.7071067811865475 0.7071067811865475 0.0
actors.Brick src/images/brick3.gif 80 30 300 100 0.7071067811865475 0.7071067811865475 0.0
actors.Brick src/images/brick4.gif 80 30 400 100 0.7071067811865475 0.7071067811865475 0.0
actors.Brick src/images/brick5.gif 80 30 500 100 0.7071067811865475 0.7071067811865475 0.0
actors.Brick src/images/brick6.gif 80 30 600 100 0.7071067811865475 0.7071067811865475 0.0
actors.Brick src/images/brick7.gif 80 30 700 100 0.7071067811865475 0.7071067811865475 0.0
actors.Brick src/images/brick8.gif 80 30 800 100 0.7071067811865475 0.7071067811865475 0.0
actors.BottomWall src/images/brick3.gif 960 16 480 666 0.7071067811865475 0.7071067811865475 0.0
update
actors.Ball src/images/ball.gif 16 16 482 442 -0.7071067811865475 -0.7071067811865475 10.0
actors.Paddle src/images/paddle.gif 80 16 580 600 0.7071067811865475 0.7071067811865475 0.0
actors.Brick src/images/brick1.gif 80 30 100 100 0.7071067811865475 0.7071067811865475 0.0
actors.Brick src/images/brick2.gif 80 30 200 100 0.7071067811865475 0.7071067811865475 0.0
actors.Brick src/images/brick3.gif 80 30 300 100 0.7071067811865475 0.7071067811865475 0.0
actors.Brick src/images/brick4.gif 80 30 400 100 0.7071067811865475 0.7071067811865475 0.0
actors.Brick src/images/brick5.gif 80 30 500 100 0.7071067811865475 0.7071067811865475 0.0
actors.Brick src/images/brick6.gif 80 30 600 100 0.7071067811865475 0.7071067811865475 0.0
actors.Brick src/images/brick7.gif 80 30 700 100 0.7071067811865475 0.7071067811865475 0.0
actors.Brick src/images/brick8.gif 80 30 800 100 0.7071067811865475 0.7071067811865475 0.0
actors.BottomWall src/images/brick3.gif 960 16 480 666 0.7071067811865475 0.7071067811865475 0.0
update
actors.Ball src/images/ball.gif 16 16 474 434 -0.7071067811865475 -0.7071067811865475 10.0
actors.Paddle src/images/paddle.gif 80 16 580 600 0.7071067811865475 0.7071067811865475 0.0
actors.Brick src/images/brick1.gif 80 30 100 100 0.7071067811865475 0.7071067811865475 0.0
actors.Brick src/images/brick2.gif 80 30 200 100 0.7071067811865475 0.7071067811865475 0.0
actors.Brick src/images/brick3.gif 80 30 300 100 0.7071067811865475 0.7071067811865475 0.0
actors.Brick src/images/brick4.gif 80 30 400 100 0.7071067811865475 0.7071067811865475 0.0
actors.Brick src/images/brick5.gif 80 30 500 100 0.7071067811865475 0.7071067811865475 0.0
actors.Brick src/images/brick6.gif 80 30 600 100 0.7071067811865475 0.7071067811865475 0.0
actors.Brick src/images/brick7.gif 80 30 700 100 0.7071067811865475 0.7071067811865475 0.0
actors.Brick src/images/brick8.gif 80 30 800 100 0.7071067811865475 0.7071067811865475 0.0
actors.BottomWall src/images/brick3.gif 960 16 480 666 0.7071067811865475 0.7071067811865475 0.0
update
actors.Ball src/images/ball.gif 16 16 466 426 -0.7071067811865475 -0.7071067811865475 10.0
actors.Paddle src/images/paddle.gif 80 16 580 600 0.7071067811865475 0.7071067811865475 0.0
actors.Brick src/images/brick1.gif 80 30 100 100 0.7071067811865475 0.7071067811865475 0.0
actors.Brick src/images/brick2.gif 80 30 200 100 0.7071067811865475 0.7071067811865475 0.0
actors.Brick src/images/brick3.gif 80 30 300 100 0.7071067811865475 0.7071067811865475 0.0
actors.Brick src/images/brick4.gif 80 30 400 100 0.7071067811865475 0.7071067811865475 0.0
actors.Brick src/images/brick5.gif 80 30 500 100 0.7071067811865475 0.7071067811865475 0.0
actors.Brick src/images/brick6.gif 80 30 600 100 0.7071067811865475 0.7071067811865475 0.0
actors.Brick src/images/brick7.gif 80 30 700 100 0.7071067811865475 0.7071067811865475 0.0
actors.Brick src/images/brick8.gif 80 30 800 100 0.7071067811865475 0.7071067811865475 0.0
actors.BottomWall src/images/brick3.gif 960 16 480 666 0.7071067811865475 0.7071067811865475 0.0
update
actors.Ball src/images/ball.gif 16 16 458 418 -0.7071067811865475 -0.7071067811865475 10.0
actors.Paddle src/images/paddle.gif 80 16 580 600 0.7071067811865475 0.7071067811865475 0.0
actors.Brick src/images/brick1.gif 80 30 100 100 0.7071067811865475 0.7071067811865475 0.0
actors.Brick src/images/brick2.gif 80 30 200 100 0.7071067811865475 0.7071067811865475 0.0
actors.Brick src/images/brick3.gif 80 30 300 100 0.7071067811865475 0.7071067811865475 0.0
actors.Brick src/images/brick4.gif 80 30 400 100 0.7071067811865475 0.7071067811865475 0.0
actors.Brick src/images/brick5.gif 80 30 500 100 0.7071067811865475 0.7071067811865475 0.0
actors.Brick src/images/brick6.gif 80 30 600 100 0.7071067811865475 0.7071067811865475 0.0
actors.Brick src/images/brick7.gif 80 30 700 100 0.7071067811865475 0.7071067811865475 0.0
actors.Brick src/images/brick8.gif 80 30 800 100 0.7071067811865475 0.7071067811865475 0.0
actors.BottomWall src/images/brick3.gif 960 16 480 666 0.7071067811865475 0.7071067811865475 0.0
update
actors.Ball src/images/ball.gif 16 16 450 410 -0.7071067811865475 -0.7071067811865475 10.0
actors.Paddle src/images/paddle.gif 80 16 580 600 0.7071067811865475 0.7071067811865475 0.0
actors.Brick src/images/brick1.gif 80 30 100 100 0.7071067811865475 0.7071067811865475 0.0
actors.Brick src/images/brick2.gif 80 30 200 100 0.7071067811865475 0.7071067811865475 0.0
actors.Brick src/images/brick3.gif 80 30 300 100 0.7071067811865475 0.7071067811865475 0.0
actors.Brick src/images/brick4.gif 80 30 400 100 0.7071067811865475 0.7071067811865475 0.0
actors.Brick src/images/brick5.gif 80 30 500 100 0.7071067811865475 0.7071067811865475 0.0
actors.Brick src/images/brick6.gif 80 30 600 100 0.7071067811865475 0.7071067811865475 0.0
actors.Brick src/images/brick7.gif 80 30 700 100 0.7071067811865475 0.7071067811865475 0.0
actors.Brick src/images/brick8.gif 80 30 800 100 0.7071067811865475 0.7071067811865475 0.0
actors.BottomWall src/images/brick3.gif 960 16 480 666 0.7071067811865475 0.7071067811865475 0.0
update
actors.Ball src/images/ball.gif 16 16 442 402 -0.7071067811865475 -0.7071067811865475 10.0
actors.Paddle src/images/paddle.gif 80 16 580 600 0.7071067811865475 0.7071067811865475 0.0
actors.Brick src/images/brick1.gif 80 30 100 100 0.7071067811865475 0.7071067811865475 0.0
actors.Brick src/images/brick2.gif 80 30 200 100 0.7071067811865475 0.7071067811865475 0.0
actors.Brick src/images/brick3.gif 80 30 300 100 0.7071067811865475 0.7071067811865475 0.0
actors.Brick src/images/brick4.gif 80 30 400 100 0.7071067811865475 0.7071067811865475 0.0
actors.Brick src/images/brick5.gif 80 30 500 100 0.7071067811865475 0.7071067811865475 0.0
actors.Brick src/images/brick6.gif 80 30 600 100 0.7071067811865475 0.7071067811865475 0.0
actors.Brick src/images/brick7.gif 80 30 700 100 0.7071067811865475 0.7071067811865475 0.0
actors.Brick src/images/brick8.gif 80 30 800 100 0.7071067811865475 0.7071067811865475 0.0
actors.BottomWall src/images/brick3.gif 960 16 480 666 0.7071067811865475 0.7071067811865475 0.0
update
actors.Ball src/images/ball.gif 16 16 434 394 -0.7071067811865475 -0.7071067811865475 10.0
actors.Paddle src/images/paddle.gif 80 16 580 600 0.7071067811865475 0.7071067811865475 0.0
actors.Brick src/images/brick1.gif 80 30 100 100 0.7071067811865475 0.7071067811865475 0.0
actors.Brick src/images/brick2.gif 80 30 200 100 0.7071067811865475 0.7071067811865475 0.0
actors.Brick src/images/brick3.gif 80 30 300 100 0.7071067811865475 0.7071067811865475 0.0
actors.Brick src/images/brick4.gif 80 30 400 100 0.7071067811865475 0.7071067811865475 0.0
actors.Brick src/images/brick5.gif 80 30 500 100 0.7071067811865475 0.7071067811865475 0.0
actors.Brick src/images/brick6.gif 80 30 600 100 0.7071067811865475 0.7071067811865475 0.0
actors.Brick src/images/brick7.gif 80 30 700 100 0.7071067811865475 0.7071067811865475 0.0
actors.Brick src/images/brick8.gif 80 30 800 100 0.7071067811865475 0.7071067811865475 0.0
actors.BottomWall src/images/brick3.gif 960 16 480 666 0.7071067811865475 0.7071067811865475 0.0
update
actors.Ball src/images/ball.gif 16 16 426 386 -0.7071067811865475 -0.7071067811865475 10.0
actors.Paddle src/images/paddle.gif 80 16 580 600 0.7071067811865475 0.7071067811865475 0.0
actors.Brick src/images/brick1.gif 80 30 100 100 0.7071067811865475 0.7071067811865475 0.0
actors.Brick src/images/brick2.gif 80 30 200 100 0.7071067811865475 0.7071067811865475 0.0
actors.Brick src/images/brick3.gif 80 30 300 100 0.7071067811865475 0.7071067811865475 0.0
actors.Brick src/images/brick4.gif 80 30 400 100 0.7071067811865475 0.7071067811865475 0.0
actors.Brick src/images/brick5.gif 80 30 500 100 0.7071067811865475 0.7071067811865475 0.0
actors.Brick src/images/brick6.gif 80 30 600 100 0.7071067811865475 0.7071067811865475 0.0
actors.Brick src/images/brick7.gif 80 30 700 100 0.7071067811865475 0.7071067811865475 0.0
actors.Brick src/images/brick8.gif 80 30 800 100 0.7071067811865475 0.7071067811865475 0.0
actors.BottomWall src/images/brick3.gif 960 16 480 666 0.7071067811865475 0.7071067811865475 0.0
update
actors.Ball src/images/ball.gif 16 16 418 378 -0.7071067811865475 -0.7071067811865475 10.0
actors.Paddle src/images/paddle.gif 80 16 580 600 0.7071067811865475 0.7071067811865475 0.0
actors.Brick src/images/brick1.gif 80 30 100 100 0.7071067811865475 0.7071067811865475 0.0
actors.Brick src/images/brick2.gif 80 30 200 100 0.7071067811865475 0.7071067811865475 0.0
actors.Brick src/images/brick3.gif 80 30 300 100 0.7071067811865475 0.7071067811865475 0.0
actors.Brick src/images/brick4.gif 80 30 400 100 0.7071067811865475 0.7071067811865475 0.0
actors.Brick src/images/brick5.gif 80 30 500 100 0.7071067811865475 0.7071067811865475 0.0
actors.Brick src/images/brick6.gif 80 30 600 100 0.7071067811865475 0.7071067811865475 0.0
actors.Brick src/images/brick7.gif 80 30 700 100 0.7071067811865475 0.7071067811865475 0.0
actors.Brick src/images/brick8.gif 80 30 800 100 0.7071067811865475 0.7071067811865475 0.0
actors.BottomWall src/images/brick3.gif 960 16 480 666 0.7071067811865475 0.7071067811865475 0.0
update
actors.Ball src/images/ball.gif 16 16 410 370 -0.7071067811865475 -0.7071067811865475 10.0
actors.Paddle src/images/paddle.gif 80 16 580 600 0.7071067811865475 0.7071067811865475 0.0
actors.Brick src/images/brick1.gif 80 30 100 100 0.7071067811865475 0.7071067811865475 0.0
actors.Brick src/images/brick2.gif 80 30 200 100 0.7071067811865475 0.7071067811865475 0.0
actors.Brick src/images/brick3.gif 80 30 300 100 0.7071067811865475 0.7071067811865475 0.0
actors.Brick src/images/brick4.gif 80 30 400 100 0.7071067811865475 0.7071067811865475 0.0
actors.Brick src/images/brick5.gif 80 30 500 100 0.7071067811865475 0.7071067811865475 0.0
actors.Brick src/images/brick6.gif 80 30 600 100 0.7071067811865475 0.7071067811865475 0.0
actors.Brick src/images/brick7.gif 80 30 700 100 0.7071067811865475 0.7071067811865475 0.0
actors.Brick src/images/brick8.gif 80 30 800 100 0.7071067811865475 0.7071067811865475 0.0
actors.BottomWall src/images/brick3.gif 960 16 480 666 0.7071067811865475 0.7071067811865475 0.0
update
actors.Ball src/images/ball.gif 16 16 402 362 -0.7071067811865475 -0.7071067811865475 10.0
actors.Paddle src/images/paddle.gif 80 16 580 600 0.7071067811865475 0.7071067811865475 0.0
actors.Brick src/images/brick1.gif 80 30 100 100 0.7071067811865475 0.7071067811865475 0.0
actors.Brick src/images/brick2.gif 80 30 200 100 0.7071067811865475 0.7071067811865475 0.0
actors.Brick src/images/brick3.gif 80 30 300 100 0.7071067811865475 0.7071067811865475 0.0
actors.Brick src/images/brick4.gif 80 30 400 100 0.7071067811865475 0.7071067811865475 0.0
actors.Brick src/images/brick5.gif 80 30 500 100 0.7071067811865475 0.7071067811865475 0.0
actors.Brick src/images/brick6.gif 80 30 600 100 0.7071067811865475 0.7071067811865475 0.0
actors.Brick src/images/brick7.gif 80 30 700 100 0.7071067811865475 0.7071067811865475 0.0
actors.Brick src/images/brick8.gif 80 30 800 100 0.7071067811865475 0.7071067811865475 0.0
actors.BottomWall src/images/brick3.gif 960 16 480 666 0.7071067811865475 0.7071067811865475 0.0
update
actors.Ball src/images/ball.gif 16 16 394 354 -0.7071067811865475 -0.7071067811865475 10.0
actors.Paddle src/images/paddle.gif 80 16 580 600 0.7071067811865475 0.7071067811865475 0.0
actors.Brick src/images/brick1.gif 80 30 100 100 0.7071067811865475 0.7071067811865475 0.0
actors.Brick src/images/brick2.gif 80 30 200 100 0.7071067811865475 0.7071067811865475 0.0
actors.Brick src/images/brick3.gif 80 30 300 100 0.7071067811865475 0.7071067811865475 0.0
actors.Brick src/images/brick4.gif 80 30 400 100 0.7071067811865475 0.7071067811865475 0.0
actors.Brick src/images/brick5.gif 80 30 500 100 0.7071067811865475 0.7071067811865475 0.0
actors.Brick src/images/brick6.gif 80 30 600 100 0.7071067811865475 0.7071067811865475 0.0
actors.Brick src/images/brick7.gif 80 30 700 100 0.7071067811865475 0.7071067811865475 0.0
actors.Brick src/images/brick8.gif 80 30 800 100 0.7071067811865475 0.7071067811865475 0.0
actors.BottomWall src/images/brick3.gif 960 16 480 666 0.7071067811865475 0.7071067811865475 0.0
update
actors.Ball src/images/ball.gif 16 16 386 346 -0.7071067811865475 -0.7071067811865475 10.0
actors.Paddle src/images/paddle.gif 80 16 580 600 0.7071067811865475 0.7071067811865475 0.0
actors.Brick src/images/brick1.gif 80 30 100 100 0.7071067811865475 0.7071067811865475 0.0
actors.Brick src/images/brick2.gif 80 30 200 100 0.7071067811865475 0.7071067811865475 0.0
actors.Brick src/images/brick3.gif 80 30 300 100 0.7071067811865475 0.7071067811865475 0.0
actors.Brick src/images/brick4.gif 80 30 400 100 0.7071067811865475 0.7071067811865475 0.0
actors.Brick src/images/brick5.gif 80 30 500 100 0.7071067811865475 0.7071067811865475 0.0
actors.Brick src/images/brick6.gif 80 30 600 100 0.7071067811865475 0.7071067811865475 0.0
actors.Brick src/images/brick7.gif 80 30 700 100 0.7071067811865475 0.7071067811865475 0.0
actors.Brick src/images/brick8.gif 80 30 800 100 0.7071067811865475 0.7071067811865475 0.0
actors.BottomWall src/images/brick3.gif 960 16 480 666 0.7071067811865475 0.7071067811865475 0.0
update
actors.Ball src/images/ball.gif 16 16 378 338 -0.7071067811865475 -0.7071067811865475 10.0
actors.Paddle src/images/paddle.gif 80 16 580 600 0.7071067811865475 0.7071067811865475 0.0
actors.Brick src/images/brick1.gif 80 30 100 100 0.7071067811865475 0.7071067811865475 0.0
actors.Brick src/images/brick2.gif 80 30 200 100 0.7071067811865475 0.7071067811865475 0.0
actors.Brick src/images/brick3.gif 80 30 300 100 0.7071067811865475 0.7071067811865475 0.0
actors.Brick src/images/brick4.gif 80 30 400 100 0.7071067811865475 0.7071067811865475 0.0
actors.Brick src/images/brick5.gif 80 30 500 100 0.7071067811865475 0.7071067811865475 0.0
actors.Brick src/images/brick6.gif 80 30 600 100 0.7071067811865475 0.7071067811865475 0.0
actors.Brick src/images/brick7.gif 80 30 700 100 0.7071067811865475 0.7071067811865475 0.0
actors.Brick src/images/brick8.gif 80 30 800 100 0.7071067811865475 0.7071067811865475 0.0
actors.BottomWall src/images/brick3.gif 960 16 480 666 0.7071067811865475 0.7071067811865475 0.0
update
actors.Ball src/images/ball.gif 16 16 370 330 -0.7071067811865475 -0.7071067811865475 10.0
actors.Paddle src/images/paddle.gif 80 16 580 600 0.7071067811865475 0.7071067811865475 0.0
actors.Brick src/images/brick1.gif 80 30 100 100 0.7071067811865475 0.7071067811865475 0.0
actors.Brick src/images/brick2.gif 80 30 200 100 0.7071067811865475 0.7071067811865475 0.0
actors.Brick src/images/brick3.gif 80 30 300 100 0.7071067811865475 0.7071067811865475 0.0
actors.Brick src/images/brick4.gif 80 30 400 100 0.7071067811865475 0.7071067811865475 0.0
actors.Brick src/images/brick5.gif 80 30 500 100 0.7071067811865475 0.7071067811865475 0.0
actors.Brick src/images/brick6.gif 80 30 600 100 0.7071067811865475 0.7071067811865475 0.0
actors.Brick src/images/brick7.gif 80 30 700 100 0.7071067811865475 0.7071067811865475 0.0
actors.Brick src/images/brick8.gif 80 30 800 100 0.7071067811865475 0.7071067811865475 0.0
actors.BottomWall src/images/brick3.gif 960 16 480 666 0.7071067811865475 0.7071067811865475 0.0
update
actors.Ball src/images/ball.gif 16 16 362 322 -0.7071067811865475 -0.7071067811865475 10.0
actors.Paddle src/images/paddle.gif 80 16 580 600 0.7071067811865475 0.7071067811865475 0.0
actors.Brick src/images/brick1.gif 80 30 100 100 0.7071067811865475 0.7071067811865475 0.0
actors.Brick src/images/brick2.gif 80 30 200 100 0.7071067811865475 0.7071067811865475 0.0
actors.Brick src/images/brick3.gif 80 30 300 100 0.7071067811865475 0.7071067811865475 0.0
actors.Brick src/images/brick4.gif 80 30 400 100 0.7071067811865475 0.7071067811865475 0.0
actors.Brick src/images/brick5.gif 80 30 500 100 0.7071067811865475 0.7071067811865475 0.0
actors.Brick src/images/brick6.gif 80 30 600 100 0.7071067811865475 0.7071067811865475 0.0
actors.Brick src/images/brick7.gif 80 30 700 100 0.7071067811865475 0.7071067811865475 0.0
actors.Brick src/images/brick8.gif 80 30 800 100 0.7071067811865475 0.7071067811865475 0.0
actors.BottomWall src/images/brick3.gif 960 16 480 666 0.7071067811865475 0.7071067811865475 0.0
update
actors.Ball src/images/ball.gif 16 16 354 314 -0.7071067811865475 -0.7071067811865475 10.0
actors.Paddle src/images/paddle.gif 80 16 580 600 0.7071067811865475 0.7071067811865475 0.0
actors.Brick src/images/brick1.gif 80 30 100 100 0.7071067811865475 0.7071067811865475 0.0
actors.Brick src/images/brick2.gif 80 30 200 100 0.7071067811865475 0.7071067811865475 0.0
actors.Brick src/images/brick3.gif 80 30 300 100 0.7071067811865475 0.7071067811865475 0.0
actors.Brick src/images/brick4.gif 80 30 400 100 0.7071067811865475 0.7071067811865475 0.0
actors.Brick src/images/brick5.gif 80 30 500 100 0.7071067811865475 0.7071067811865475 0.0
actors.Brick src/images/brick6.gif 80 30 600 100 0.7071067811865475 0.7071067811865475 0.0
actors.Brick src/images/brick7.gif 80 30 700 100 0.7071067811865475 0.7071067811865475 0.0
actors.Brick src/images/brick8.gif 80 30 800 100 0.7071067811865475 0.7071067811865475 0.0
actors.BottomWall src/images/brick3.gif 960 16 480 666 0.7071067811865475 0.7071067811865475 0.0
update
actors.Ball src/images/ball.gif 16 16 346 306 -0.7071067811865475 -0.7071067811865475 10.0
actors.Paddle src/images/paddle.gif 80 16 580 600 0.7071067811865475 0.7071067811865475 0.0
actors.Brick src/images/brick1.gif 80 30 100 100 0.7071067811865475 0.7071067811865475 0.0
actors.Brick src/images/brick2.gif 80 30 200 100 0.7071067811865475 0.7071067811865475 0.0
actors.Brick src/images/brick3.gif 80 30 300 100 0.7071067811865475 0.7071067811865475 0.0
actors.Brick src/images/brick4.gif 80 30 400 100 0.7071067811865475 0.7071067811865475 0.0
actors.Brick src/images/brick5.gif 80 30 500 100 0.7071067811865475 0.7071067811865475 0.0
actors.Brick src/images/brick6.gif 80 30 600 100 0.7071067811865475 0.7071067811865475 0.0
actors.Brick src/images/brick7.gif 80 30 700 100 0.7071067811865475 0.7071067811865475 0.0
actors.Brick src/images/brick8.gif 80 30 800 100 0.7071067811865475 0.7071067811865475 0.0
actors.BottomWall src/images/brick3.gif 960 16 480 666 0.7071067811865475 0.7071067811865475 0.0
update
actors.Ball src/images/ball.gif 16 16 338 298 -0.7071067811865475 -0.7071067811865475 10.0
actors.Paddle src/images/paddle.gif 80 16 580 600 0.7071067811865475 0.7071067811865475 0.0
actors.Brick src/images/brick1.gif 80 30 100 100 0.7071067811865475 0.7071067811865475 0.0
actors.Brick src/images/brick2.gif 80 30 200 100 0.7071067811865475 0.7071067811865475 0.0
actors.Brick src/images/brick3.gif 80 30 300 100 0.7071067811865475 0.7071067811865475 0.0
actors.Brick src/images/brick4.gif 80 30 400 100 0.7071067811865475 0.7071067811865475 0.0
actors.Brick src/images/brick5.gif 80 30 500 100 0.7071067811865475 0.7071067811865475 0.0
actors.Brick src/images/brick6.gif 80 30 600 100 0.7071067811865475 0.7071067811865475 0.0
actors.Brick src/images/brick7.gif 80 30 700 100 0.7071067811865475 0.7071067811865475 0.0
actors.Brick src/images/brick8.gif 80 30 800 100 0.7071067811865475 0.7071067811865475 0.0
actors.BottomWall src/images/brick3.gif 960 16 480 666 0.7071067811865475 0.7071067811865475 0.0
update
actors.Ball src/images/ball.gif 16 16 330 290 -0.7071067811865475 -0.7071067811865475 10.0
actors.Paddle src/images/paddle.gif 80 16 580 600 0.7071067811865475 0.7071067811865475 0.0
actors.Brick src/images/brick1.gif 80 30 100 100 0.7071067811865475 0.7071067811865475 0.0
actors.Brick src/images/brick2.gif 80 30 200 100 0.7071067811865475 0.7071067811865475 0.0
actors.Brick src/images/brick3.gif 80 30 300 100 0.7071067811865475 0.7071067811865475 0.0
actors.Brick src/images/brick4.gif 80 30 400 100 0.7071067811865475 0.7071067811865475 0.0
actors.Brick src/images/brick5.gif 80 30 500 100 0.7071067811865475 0.7071067811865475 0.0
actors.Brick src/images/brick6.gif 80 30 600 100 0.7071067811865475 0.7071067811865475 0.0
actors.Brick src/images/brick7.gif 80 30 700 100 0.7071067811865475 0.7071067811865475 0.0
actors.Brick src/images/brick8.gif 80 30 800 100 0.7071067811865475 0.7071067811865475 0.0
actors.BottomWall src/images/brick3.gif 960 16 480 666 0.7071067811865475 0.7071067811865475 0.0
update
actors.Ball src/images/ball.gif 16 16 322 282 -0.7071067811865475 -0.7071067811865475 10.0
actors.Paddle src/images/paddle.gif 80 16 580 600 0.7071067811865475 0.7071067811865475 0.0
actors.Brick src/images/brick1.gif 80 30 100 100 0.7071067811865475 0.7071067811865475 0.0
actors.Brick src/images/brick2.gif 80 30 200 100 0.7071067811865475 0.7071067811865475 0.0
actors.Brick src/images/brick3.gif 80 30 300 100 0.7071067811865475 0.7071067811865475 0.0
actors.Brick src/images/brick4.gif 80 30 400 100 0.7071067811865475 0.7071067811865475 0.0
actors.Brick src/images/brick5.gif 80 30 500 100 0.7071067811865475 0.7071067811865475 0.0
actors.Brick src/images/brick6.gif 80 30 600 100 0.7071067811865475 0.7071067811865475 0.0
actors.Brick src/images/brick7.gif 80 30 700 100 0.7071067811865475 0.7071067811865475 0.0
actors.Brick src/images/brick8.gif 80 30 800 100 0.7071067811865475 0.7071067811865475 0.0
actors.BottomWall src/images/brick3.gif 960 16 480 666 0.7071067811865475 0.7071067811865475 0.0
update
actors.Ball src/images/ball.gif 16 16 314 274 -0.7071067811865475 -0.7071067811865475 10.0
actors.Paddle src/images/paddle.gif 80 16 580 600 0.7071067811865475 0.7071067811865475 0.0
actors.Brick src/images/brick1.gif 80 30 100 100 0.7071067811865475 0.7071067811865475 0.0
actors.Brick src/images/brick2.gif 80 30 200 100 0.7071067811865475 0.7071067811865475 0.0
actors.Brick src/images/brick3.gif 80 30 300 100 0.7071067811865475 0.7071067811865475 0.0
actors.Brick src/images/brick4.gif 80 30 400 100 0.7071067811865475 0.7071067811865475 0.0
actors.Brick src/images/brick5.gif 80 30 500 100 0.7071067811865475 0.7071067811865475 0.0
actors.Brick src/images/brick6.gif 80 30 600 100 0.7071067811865475 0.7071067811865475 0.0
actors.Brick src/images/brick7.gif 80 30 700 100 0.7071067811865475 0.7071067811865475 0.0
actors.Brick src/images/brick8.gif 80 30 800 100 0.7071067811865475 0.7071067811865475 0.0
actors.BottomWall src/images/brick3.gif 960 16 480 666 0.7071067811865475 0.7071067811865475 0.0
update
actors.Ball src/images/ball.gif 16 16 306 266 -0.7071067811865475 -0.7071067811865475 10.0
actors.Paddle src/images/paddle.gif 80 16 580 600 0.7071067811865475 0.7071067811865475 0.0
actors.Brick src/images/brick1.gif 80 30 100 100 0.7071067811865475 0.7071067811865475 0.0
actors.Brick src/images/brick2.gif 80 30 200 100 0.7071067811865475 0.7071067811865475 0.0
actors.Brick src/images/brick3.gif 80 30 300 100 0.7071067811865475 0.7071067811865475 0.0
actors.Brick src/images/brick4.gif 80 30 400 100 0.7071067811865475 0.7071067811865475 0.0
actors.Brick src/images/brick5.gif 80 30 500 100 0.7071067811865475 0.7071067811865475 0.0
actors.Brick src/images/brick6.gif 80 30 600 100 0.7071067811865475 0.7071067811865475 0.0
actors.Brick src/images/brick7.gif 80 30 700 100 0.7071067811865475 0.7071067811865475 0.0
actors.Brick src/images/brick8.gif 80 30 800 100 0.7071067811865475 0.7071067811865475 0.0
actors.BottomWall src/images/brick3.gif 960 16 480 666 0.7071067811865475 0.7071067811865475 0.0
update
actors.Ball src/images/ball.gif 16 16 298 258 -0.7071067811865475 -0.7071067811865475 10.0
actors.Paddle src/images/paddle.gif 80 16 580 600 0.7071067811865475 0.7071067811865475 0.0
actors.Brick src/images/brick1.gif 80 30 100 100 0.7071067811865475 0.7071067811865475 0.0
actors.Brick src/images/brick2.gif 80 30 200 100 0.7071067811865475 0.7071067811865475 0.0
actors.Brick src/images/brick3.gif 80 30 300 100 0.7071067811865475 0.7071067811865475 0.0
actors.Brick src/images/brick4.gif 80 30 400 100 0.7071067811865475 0.7071067811865475 0.0
actors.Brick src/images/brick5.gif 80 30 500 100 0.7071067811865475 0.7071067811865475 0.0
actors.Brick src/images/brick6.gif 80 30 600 100 0.7071067811865475 0.7071067811865475 0.0
actors.Brick src/images/brick7.gif 80 30 700 100 0.7071067811865475 0.7071067811865475 0.0
actors.Brick src/images/brick8.gif 80 30 800 100 0.7071067811865475 0.7071067811865475 0.0
actors.BottomWall src/images/brick3.gif 960 16 480 666 0.7071067811865475 0.7071067811865475 0.0
update
actors.Ball src/images/ball.gif 16 16 290 250 -0.7071067811865475 -0.7071067811865475 10.0
actors.Paddle src/images/paddle.gif 80 16 580 600 0.7071067811865475 0.7071067811865475 0.0
actors.Brick src/images/brick1.gif 80 30 100 100 0.7071067811865475 0.7071067811865475 0.0
actors.Brick src/images/brick2.gif 80 30 200 100 0.7071067811865475 0.7071067811865475 0.0
actors.Brick src/images/brick3.gif 80 30 300 100 0.7071067811865475 0.7071067811865475 0.0
actors.Brick src/images/brick4.gif 80 30 400 100 0.7071067811865475 0.7071067811865475 0.0
actors.Brick src/images/brick5.gif 80 30 500 100 0.7071067811865475 0.7071067811865475 0.0
actors.Brick src/images/brick6.gif 80 30 600 100 0.7071067811865475 0.7071067811865475 0.0
actors.Brick src/images/brick7.gif 80 30 700 100 0.7071067811865475 0.7071067811865475 0.0
actors.Brick src/images/brick8.gif 80 30 800 100 0.7071067811865475 0.7071067811865475 0.0
actors.BottomWall src/images/brick3.gif 960 16 480 666 0.7071067811865475 0.7071067811865475 0.0
update
actors.Ball src/images/ball.gif 16 16 282 242 -0.7071067811865475 -0.7071067811865475 10.0
actors.Paddle src/images/paddle.gif 80 16 580 600 0.7071067811865475 0.7071067811865475 0.0
actors.Brick src/images/brick1.gif 80 30 100 100 0.7071067811865475 0.7071067811865475 0.0
actors.Brick src/images/brick2.gif 80 30 200 100 0.7071067811865475 0.7071067811865475 0.0
actors.Brick src/images/brick3.gif 80 30 300 100 0.7071067811865475 0.7071067811865475 0.0
actors.Brick src/images/brick4.gif 80 30 400 100 0.7071067811865475 0.7071067811865475 0.0
actors.Brick src/images/brick5.gif 80 30 500 100 0.7071067811865475 0.7071067811865475 0.0
actors.Brick src/images/brick6.gif 80 30 600 100 0.7071067811865475 0.7071067811865475 0.0
actors.Brick src/images/brick7.gif 80 30 700 100 0.7071067811865475 0.7071067811865475 0.0
actors.Brick src/images/brick8.gif 80 30 800 100 0.7071067811865475 0.7071067811865475 0.0
actors.BottomWall src/images/brick3.gif 960 16 480 666 0.7071067811865475 0.7071067811865475 0.0
update
actors.Ball src/images/ball.gif 16 16 274 234 -0.7071067811865475 -0.7071067811865475 10.0
actors.Paddle src/images/paddle.gif 80 16 580 600 0.7071067811865475 0.7071067811865475 0.0
actors.Brick src/images/brick1.gif 80 30 100 100 0.7071067811865475 0.7071067811865475 0.0
actors.Brick src/images/brick2.gif 80 30 200 100 0.7071067811865475 0.7071067811865475 0.0
actors.Brick src/images/brick3.gif 80 30 300 100 0.7071067811865475 0.7071067811865475 0.0
actors.Brick src/images/brick4.gif 80 30 400 100 0.7071067811865475 0.7071067811865475 0.0
actors.Brick src/images/brick5.gif 80 30 500 100 0.7071067811865475 0.7071067811865475 0.0
actors.Brick src/images/brick6.gif 80 30 600 100 0.7071067811865475 0.7071067811865475 0.0
actors.Brick src/images/brick7.gif 80 30 700 100 0.7071067811865475 0.7071067811865475 0.0
actors.Brick src/images/brick8.gif 80 30 800 100 0.7071067811865475 0.7071067811865475 0.0
actors.BottomWall src/images/brick3.gif 960 16 480 666 0.7071067811865475 0.7071067811865475 0.0
update
actors.Ball src/images/ball.gif 16 16 266 226 -0.7071067811865475 -0.7071067811865475 10.0
actors.Paddle src/images/paddle.gif 80 16 580 600 0.7071067811865475 0.7071067811865475 0.0
actors.Brick src/images/brick1.gif 80 30 100 100 0.7071067811865475 0.7071067811865475 0.0
actors.Brick src/images/brick2.gif 80 30 200 100 0.7071067811865475 0.7071067811865475 0.0
actors.Brick src/images/brick3.gif 80 30 300 100 0.7071067811865475 0.7071067811865475 0.0
actors.Brick src/images/brick4.gif 80 30 400 100 0.7071067811865475 0.7071067811865475 0.0
actors.Brick src/images/brick5.gif 80 30 500 100 0.7071067811865475 0.7071067811865475 0.0
actors.Brick src/images/brick6.gif 80 30 600 100 0.7071067811865475 0.7071067811865475 0.0
actors.Brick src/images/brick7.gif 80 30 700 100 0.7071067811865475 0.7071067811865475 0.0
actors.Brick src/images/brick8.gif 80 30 800 100 0.7071067811865475 0.7071067811865475 0.0
actors.BottomWall src/images/brick3.gif 960 16 480 666 0.7071067811865475 0.7071067811865475 0.0
update
actors.Ball src/images/ball.gif 16 16 258 218 -0.7071067811865475 -0.7071067811865475 10.0
actors.Paddle src/images/paddle.gif 80 16 580 600 0.7071067811865475 0.7071067811865475 0.0
actors.Brick src/images/brick1.gif 80 30 100 100 0.7071067811865475 0.7071067811865475 0.0
actors.Brick src/images/brick2.gif 80 30 200 100 0.7071067811865475 0.7071067811865475 0.0
actors.Brick src/images/brick3.gif 80 30 300 100 0.7071067811865475 0.7071067811865475 0.0
actors.Brick src/images/brick4.gif 80 30 400 100 0.7071067811865475 0.7071067811865475 0.0
actors.Brick src/images/brick5.gif 80 30 500 100 0.7071067811865475 0.7071067811865475 0.0
actors.Brick src/images/brick6.gif 80 30 600 100 0.7071067811865475 0.7071067811865475 0.0
actors.Brick src/images/brick7.gif 80 30 700 100 0.7071067811865475 0.7071067811865475 0.0
actors.Brick src/images/brick8.gif 80 30 800 100 0.7071067811865475 0.7071067811865475 0.0
actors.BottomWall src/images/brick3.gif 960 16 480 666 0.7071067811865475 0.7071067811865475 0.0
update
actors.Ball src/images/ball.gif 16 16 250 210 -0.7071067811865475 -0.7071067811865475 10.0
actors.Paddle src/images/paddle.gif 80 16 580 600 0.7071067811865475 0.7071067811865475 0.0
actors.Brick src/images/brick1.gif 80 30 100 100 0.7071067811865475 0.7071067811865475 0.0
actors.Brick src/images/brick2.gif 80 30 200 100 0.7071067811865475 0.7071067811865475 0.0
actors.Brick src/images/brick3.gif 80 30 300 100 0.7071067811865475 0.7071067811865475 0.0
actors.Brick src/images/brick4.gif 80 30 400 100 0.7071067811865475 0.7071067811865475 0.0
actors.Brick src/images/brick5.gif 80 30 500 100 0.7071067811865475 0.7071067811865475 0.0
actors.Brick src/images/brick6.gif 80 30 600 100 0.7071067811865475 0.7071067811865475 0.0
actors.Brick src/images/brick7.gif 80 30 700 100 0.7071067811865475 0.7071067811865475 0.0
actors.Brick src/images/brick8.gif 80 30 800 100 0.7071067811865475 0.7071067811865475 0.0
actors.BottomWall src/images/brick3.gif 960 16 480 666 0.7071067811865475 0.7071067811865475 0.0
update
actors.Ball src/images/ball.gif 16 16 242 202 -0.7071067811865475 -0.7071067811865475 10.0
actors.Paddle src/images/paddle.gif 80 16 580 600 0.7071067811865475 0.7071067811865475 0.0
actors.Brick src/images/brick1.gif 80 30 100 100 0.7071067811865475 0.7071067811865475 0.0
actors.Brick src/images/brick2.gif 80 30 200 100 0.7071067811865475 0.7071067811865475 0.0
actors.Brick src/images/brick3.gif 80 30 300 100 0.7071067811865475 0.7071067811865475 0.0
actors.Brick src/images/brick4.gif 80 30 400 100 0.7071067811865475 0.7071067811865475 0.0
actors.Brick src/images/brick5.gif 80 30 500 100 0.7071067811865475 0.7071067811865475 0.0
actors.Brick src/images/brick6.gif 80 30 600 100 0.7071067811865475 0.7071067811865475 0.0
actors.Brick src/images/brick7.gif 80 30 700 100 0.7071067811865475 0.7071067811865475 0.0
actors.Brick src/images/brick8.gif 80 30 800 100 0.7071067811865475 0.7071067811865475 0.0
actors.BottomWall src/images/brick3.gif 960 16 480 666 0.7071067811865475 0.7071067811865475 0.0
update
actors.Ball src/images/ball.gif 16 16 234 194 -0.7071067811865475 -0.7071067811865475 10.0
actors.Paddle src/images/paddle.gif 80 16 580 600 0.7071067811865475 0.7071067811865475 0.0
actors.Brick src/images/brick1.gif 80 30 100 100 0.7071067811865475 0.7071067811865475 0.0
actors.Brick src/images/brick2.gif 80 30 200 100 0.7071067811865475 0.7071067811865475 0.0
actors.Brick src/images/brick3.gif 80 30 300 100 0.7071067811865475 0.7071067811865475 0.0
actors.Brick src/images/brick4.gif 80 30 400 100 0.7071067811865475 0.7071067811865475 0.0
actors.Brick src/images/brick5.gif 80 30 500 100 0.7071067811865475 0.7071067811865475 0.0
actors.Brick src/images/brick6.gif 80 30 600 100 0.7071067811865475 0.7071067811865475 0.0
actors.Brick src/images/brick7.gif 80 30 700 100 0.7071067811865475 0.7071067811865475 0.0
actors.Brick src/images/brick8.gif 80 30 800 100 0.7071067811865475 0.7071067811865475 0.0
actors.BottomWall src/images/brick3.gif 960 16 480 666 0.7071067811865475 0.7071067811865475 0.0
update
actors.Ball src/images/ball.gif 16 16 226 186 -0.7071067811865475 -0.7071067811865475 10.0
actors.Paddle src/images/paddle.gif 80 16 580 600 0.7071067811865475 0.7071067811865475 0.0
actors.Brick src/images/brick1.gif 80 30 100 100 0.7071067811865475 0.7071067811865475 0.0
actors.Brick src/images/brick2.gif 80 30 200 100 0.7071067811865475 0.7071067811865475 0.0
actors.Brick src/images/brick3.gif 80 30 300 100 0.7071067811865475 0.7071067811865475 0.0
actors.Brick src/images/brick4.gif 80 30 400 100 0.7071067811865475 0.7071067811865475 0.0
actors.Brick src/images/brick5.gif 80 30 500 100 0.7071067811865475 0.7071067811865475 0.0
actors.Brick src/images/brick6.gif 80 30 600 100 0.7071067811865475 0.7071067811865475 0.0
actors.Brick src/images/brick7.gif 80 30 700 100 0.7071067811865475 0.7071067811865475 0.0
actors.Brick src/images/brick8.gif 80 30 800 100 0.7071067811865475 0.7071067811865475 0.0
actors.BottomWall src/images/brick3.gif 960 16 480 666 0.7071067811865475 0.7071067811865475 0.0
update
actors.Ball src/images/ball.gif 16 16 218 178 -0.7071067811865475 -0.7071067811865475 10.0
actors.Paddle src/images/paddle.gif 80 16 580 600 0.7071067811865475 0.7071067811865475 0.0
actors.Brick src/images/brick1.gif 80 30 100 100 0.7071067811865475 0.7071067811865475 0.0
actors.Brick src/images/brick2.gif 80 30 200 100 0.7071067811865475 0.7071067811865475 0.0
actors.Brick src/images/brick3.gif 80 30 300 100 0.7071067811865475 0.7071067811865475 0.0
actors.Brick src/images/brick4.gif 80 30 400 100 0.7071067811865475 0.7071067811865475 0.0
actors.Brick src/images/brick5.gif 80 30 500 100 0.7071067811865475 0.7071067811865475 0.0
actors.Brick src/images/brick6.gif 80 30 600 100 0.7071067811865475 0.7071067811865475 0.0
actors.Brick src/images/brick7.gif 80 30 700 100 0.7071067811865475 0.7071067811865475 0.0
actors.Brick src/images/brick8.gif 80 30 800 100 0.7071067811865475 0.7071067811865475 0.0
actors.BottomWall src/images/brick3.gif 960 16 480 666 0.7071067811865475 0.7071067811865475 0.0
update
actors.Ball src/images/ball.gif 16 16 210 170 -0.7071067811865475 -0.7071067811865475 10.0
actors.Paddle src/images/paddle.gif 80 16 580 600 0.7071067811865475 0.7071067811865475 0.0
actors.Brick src/images/brick1.gif 80 30 100 100 0.7071067811865475 0.7071067811865475 0.0
actors.Brick src/images/brick2.gif 80 30 200 100 0.7071067811865475 0.7071067811865475 0.0
actors.Brick src/images/brick3.gif 80 30 300 100 0.7071067811865475 0.7071067811865475 0.0
actors.Brick src/images/brick4.gif 80 30 400 100 0.7071067811865475 0.7071067811865475 0.0
actors.Brick src/images/brick5.gif 80 30 500 100 0.7071067811865475 0.7071067811865475 0.0
actors.Brick src/images/brick6.gif 80 30 600 100 0.7071067811865475 0.7071067811865475 0.0
actors.Brick src/images/brick7.gif 80 30 700 100 0.7071067811865475 0.7071067811865475 0.0
actors.Brick src/images/brick8.gif 80 30 800 100 0.7071067811865475 0.7071067811865475 0.0
actors.BottomWall src/images/brick3.gif 960 16 480 666 0.7071067811865475 0.7071067811865475 0.0
update
actors.Ball src/images/ball.gif 16 16 202 162 -0.7071067811865475 -0.7071067811865475 10.0
actors.Paddle src/images/paddle.gif 80 16 580 600 0.7071067811865475 0.7071067811865475 0.0
actors.Brick src/images/brick1.gif 80 30 100 100 0.7071067811865475 0.7071067811865475 0.0
actors.Brick src/images/brick2.gif 80 30 200 100 0.7071067811865475 0.7071067811865475 0.0
actors.Brick src/images/brick3.gif 80 30 300 100 0.7071067811865475 0.7071067811865475 0.0
actors.Brick src/images/brick4.gif 80 30 400 100 0.7071067811865475 0.7071067811865475 0.0
actors.Brick src/images/brick5.gif 80 30 500 100 0.7071067811865475 0.7071067811865475 0.0
actors.Brick src/images/brick6.gif 80 30 600 100 0.7071067811865475 0.7071067811865475 0.0
actors.Brick src/images/brick7.gif 80 30 700 100 0.7071067811865475 0.7071067811865475 0.0
actors.Brick src/images/brick8.gif 80 30 800 100 0.7071067811865475 0.7071067811865475 0.0
actors.BottomWall src/images/brick3.gif 960 16 480 666 0.7071067811865475 0.7071067811865475 0.0
update
actors.Ball src/images/ball.gif 16 16 194 154 -0.7071067811865475 -0.7071067811865475 10.0
actors.Paddle src/images/paddle.gif 80 16 580 600 0.7071067811865475 0.7071067811865475 0.0
actors.Brick src/images/brick1.gif 80 30 100 100 0.7071067811865475 0.7071067811865475 0.0
actors.Brick src/images/brick2.gif 80 30 200 100 0.7071067811865475 0.7071067811865475 0.0
actors.Brick src/images/brick3.gif 80 30 300 100 0.7071067811865475 0.7071067811865475 0.0
actors.Brick src/images/brick4.gif 80 30 400 100 0.7071067811865475 0.7071067811865475 0.0
actors.Brick src/images/brick5.gif 80 30 500 100 0.7071067811865475 0.7071067811865475 0.0
actors.Brick src/images/brick6.gif 80 30 600 100 0.7071067811865475 0.7071067811865475 0.0
actors.Brick src/images/brick7.gif 80 30 700 100 0.7071067811865475 0.7071067811865475 0.0
actors.Brick src/images/brick8.gif 80 30 800 100 0.7071067811865475 0.7071067811865475 0.0
actors.BottomWall src/images/brick3.gif 960 16 480 666 0.7071067811865475 0.7071067811865475 0.0
update
actors.Ball src/images/ball.gif 16 16 186 146 -0.7071067811865475 -0.7071067811865475 10.0
actors.Paddle src/images/paddle.gif 80 16 580 600 0.7071067811865475 0.7071067811865475 0.0
actors.Brick src/images/brick1.gif 80 30 100 100 0.7071067811865475 0.7071067811865475 0.0
actors.Brick src/images/brick2.gif 80 30 200 100 0.7071067811865475 0.7071067811865475 0.0
actors.Brick src/images/brick3.gif 80 30 300 100 0.7071067811865475 0.7071067811865475 0.0
actors.Brick src/images/brick4.gif 80 30 400 100 0.7071067811865475 0.7071067811865475 0.0
actors.Brick src/images/brick5.gif 80 30 500 100 0.7071067811865475 0.7071067811865475 0.0
actors.Brick src/images/brick6.gif 80 30 600 100 0.7071067811865475 0.7071067811865475 0.0
actors.Brick src/images/brick7.gif 80 30 700 100 0.7071067811865475 0.7071067811865475 0.0
actors.Brick src/images/brick8.gif 80 30 800 100 0.7071067811865475 0.7071067811865475 0.0
actors.BottomWall src/images/brick3.gif 960 16 480 666 0.7071067811865475 0.7071067811865475 0.0
update
actors.Ball src/images/ball.gif 16 16 178 138 -0.7071067811865475 -0.7071067811865475 10.0
actors.Paddle src/images/paddle.gif 80 16 580 600 0.7071067811865475 0.7071067811865475 0.0
actors.Brick src/images/brick1.gif 80 30 100 100 0.7071067811865475 0.7071067811865475 0.0
actors.Brick src/images/brick2.gif 80 30 200 100 0.7071067811865475 0.7071067811865475 0.0
actors.Brick src/images/brick3.gif 80 30 300 100 0.7071067811865475 0.7071067811865475 0.0
actors.Brick src/images/brick4.gif 80 30 400 100 0.7071067811865475 0.7071067811865475 0.0
actors.Brick src/images/brick5.gif 80 30 500 100 0.7071067811865475 0.7071067811865475 0.0
actors.Brick src/images/brick6.gif 80 30 600 100 0.7071067811865475 0.7071067811865475 0.0
actors.Brick src/images/brick7.gif 80 30 700 100 0.7071067811865475 0.7071067811865475 0.0
actors.Brick src/images/brick8.gif 80 30 800 100 0.7071067811865475 0.7071067811865475 0.0
actors.BottomWall src/images/brick3.gif 960 16 480 666 0.7071067811865475 0.7071067811865475 0.0
update
actors.Ball src/images/ball.gif 16 16 170 130 -0.7071067811865475 -0.7071067811865475 10.0
actors.Paddle src/images/paddle.gif 80 16 580 600 0.7071067811865475 0.7071067811865475 0.0
actors.Brick src/images/brick1.gif 80 30 100 100 0.7071067811865475 0.7071067811865475 0.0
actors.Brick src/images/brick2.gif 80 30 200 100 0.7071067811865475 0.7071067811865475 0.0
actors.Brick src/images/brick3.gif 80 30 300 100 0.7071067811865475 0.7071067811865475 0.0
actors.Brick src/images/brick4.gif 80 30 400 100 0.7071067811865475 0.7071067811865475 0.0
actors.Brick src/images/brick5.gif 80 30 500 100 0.7071067811865475 0.7071067811865475 0.0
actors.Brick src/images/brick6.gif 80 30 600 100 0.7071067811865475 0.7071067811865475 0.0
actors.Brick src/images/brick7.gif 80 30 700 100 0.7071067811865475 0.7071067811865475 0.0
actors.Brick src/images/brick8.gif 80 30 800 100 0.7071067811865475 0.7071067811865475 0.0
actors.BottomWall src/images/brick3.gif 960 16 480 666 0.7071067811865475 0.7071067811865475 0.0
update
actors.Ball src/images/ball.gif 16 16 162 122 -0.7071067811865475 -0.7071067811865475 10.0
actors.Paddle src/images/paddle.gif 80 16 580 600 0.7071067811865475 0.7071067811865475 0.0
actors.Brick src/images/brick1.gif 80 30 100 100 0.7071067811865475 0.7071067811865475 0.0
actors.Brick src/images/brick2.gif 80 30 200 100 0.7071067811865475 0.7071067811865475 0.0
actors.Brick src/images/brick3.gif 80 30 300 100 0.7071067811865475 0.7071067811865475 0.0
actors.Brick src/images/brick4.gif 80 30 400 100 0.7071067811865475 0.7071067811865475 0.0
actors.Brick src/images/brick5.gif 80 30 500 100 0.7071067811865475 0.7071067811865475 0.0
actors.Brick src/images/brick6.gif 80 30 600 100 0.7071067811865475 0.7071067811865475 0.0
actors.Brick src/images/brick7.gif 80 30 700 100 0.7071067811865475 0.7071067811865475 0.0
actors.Brick src/images/brick8.gif 80 30 800 100 0.7071067811865475 0.7071067811865475 0.0
actors.BottomWall src/images/brick3.gif 960 16 480 666 0.7071067811865475 0.7071067811865475 0.0
update
actors.Ball src/images/ball.gif 16 16 146 106 -0.7071067811865475 -0.7071067811865475 10.0
actors.Paddle src/images/paddle.gif 80 16 580 600 0.7071067811865475 0.7071067811865475 0.0
actors.Brick src/images/brick1.gif 80 30 100 100 0.7071067811865475 0.7071067811865475 0.0
actors.Brick src/images/brick2.gif 80 30 200 100 0.7071067811865475 0.7071067811865475 0.0
actors.Brick src/images/brick3.gif 80 30 300 100 0.7071067811865475 0.7071067811865475 0.0
actors.Brick src/images/brick4.gif 80 30 400 100 0.7071067811865475 0.7071067811865475 0.0
actors.Brick src/images/brick5.gif 80 30 500 100 0.7071067811865475 0.7071067811865475 0.0
actors.Brick src/images/brick6.gif 80 30 600 100 0.7071067811865475 0.7071067811865475 0.0
actors.Brick src/images/brick7.gif 80 30 700 100 0.7071067811865475 0.7071067811865475 0.0
actors.Brick src/images/brick8.gif 80 30 800 100 0.7071067811865475 0.7071067811865475 0.0
actors.BottomWall src/images/brick3.gif 960 16 480 666 0.7071067811865475 0.7071067811865475 0.0
update
actors.Ball src/images/ball.gif 16 16 145 105 0.7071067811865476 0.7071067811865476 10.0
actors.Paddle src/images/paddle.gif 80 16 580 600 0.7071067811865475 0.7071067811865475 0.0
actors.Brick src/images/brick2.gif 80 30 200 100 0.7071067811865475 0.7071067811865475 0.0
actors.Brick src/images/brick3.gif 80 30 300 100 0.7071067811865475 0.7071067811865475 0.0
actors.Brick src/images/brick4.gif 80 30 400 100 0.7071067811865475 0.7071067811865475 0.0
actors.Brick src/images/brick5.gif 80 30 500 100 0.7071067811865475 0.7071067811865475 0.0
actors.Brick src/images/brick6.gif 80 30 600 100 0.7071067811865475 0.7071067811865475 0.0
actors.Brick src/images/brick7.gif 80 30 700 100 0.7071067811865475 0.7071067811865475 0.0
actors.Brick src/images/brick8.gif 80 30 800 100 0.7071067811865475 0.7071067811865475 0.0
actors.BottomWall src/images/brick3.gif 960 16 480 666 0.7071067811865475 0.7071067811865475 0.0
update
actors.Ball src/images/ball.gif 16 16 152 112 0.7071067811865476 0.7071067811865476 10.0
actors.Paddle src/images/paddle.gif 80 16 580 600 0.7071067811865475 0.7071067811865475 0.0
actors.Brick src/images/brick2.gif 80 30 200 100 0.7071067811865475 0.7071067811865475 0.0
actors.Brick src/images/brick3.gif 80 30 300 100 0.7071067811865475 0.7071067811865475 0.0
actors.Brick src/images/brick4.gif 80 30 400 100 0.7071067811865475 0.7071067811865475 0.0
actors.Brick src/images/brick5.gif 80 30 500 100 0.7071067811865475 0.7071067811865475 0.0
actors.Brick src/images/brick6.gif 80 30 600 100 0.7071067811865475 0.7071067811865475 0.0
actors.Brick src/images/brick7.gif 80 30 700 100 0.7071067811865475 0.7071067811865475 0.0
actors.Brick src/images/brick8.gif 80 30 800 100 0.7071067811865475 0.7071067811865475 0.0
actors.BottomWall src/images/brick3.gif 960 16 480 666 0.7071067811865475 0.7071067811865475 0.0
update
actors.Ball src/images/ball.gif 16 16 159 119 0.7071067811865476 0.7071067811865476 10.0
actors.Paddle src/images/paddle.gif 80 16 580 600 0.7071067811865475 0.7071067811865475 0.0
actors.Brick src/images/brick2.gif 80 30 200 100 0.7071067811865475 0.7071067811865475 0.0
actors.Brick src/images/brick3.gif 80 30 300 100 0.7071067811865475 0.7071067811865475 0.0
actors.Brick src/images/brick4.gif 80 30 400 100 0.7071067811865475 0.7071067811865475 0.0
actors.Brick src/images/brick5.gif 80 30 500 100 0.7071067811865475 0.7071067811865475 0.0
actors.Brick src/images/brick6.gif 80 30 600 100 0.7071067811865475 0.7071067811865475 0.0
actors.Brick src/images/brick7.gif 80 30 700 100 0.7071067811865475 0.7071067811865475 0.0
actors.Brick src/images/brick8.gif 80 30 800 100 0.7071067811865475 0.7071067811865475 0.0
actors.BottomWall src/images/brick3.gif 960 16 480 666 0.7071067811865475 0.7071067811865475 0.0
update
actors.Ball src/images/ball.gif 16 16 166 126 0.7071067811865476 0.7071067811865476 10.0
actors.Paddle src/images/paddle.gif 80 16 580 600 0.7071067811865475 0.7071067811865475 0.0
actors.Brick src/images/brick2.gif 80 30 200 100 0.7071067811865475 0.7071067811865475 0.0
actors.Brick src/images/brick3.gif 80 30 300 100 0.7071067811865475 0.7071067811865475 0.0
actors.Brick src/images/brick4.gif 80 30 400 100 0.7071067811865475 0.7071067811865475 0.0
actors.Brick src/images/brick5.gif 80 30 500 100 0.7071067811865475 0.7071067811865475 0.0
actors.Brick src/images/brick6.gif 80 30 600 100 0.7071067811865475 0.7071067811865475 0.0
actors.Brick src/images/brick7.gif 80 30 700 100 0.7071067811865475 0.7071067811865475 0.0
actors.Brick src/images/brick8.gif 80 30 800 100 0.7071067811865475 0.7071067811865475 0.0
actors.BottomWall src/images/brick3.gif 960 16 480 666 0.7071067811865475 0.7071067811865475 0.0
update
actors.Ball src/images/ball.gif 16 16 173 133 0.7071067811865476 0.7071067811865476 10.0
actors.Paddle src/images/paddle.gif 80 16 580 600 0.7071067811865475 0.7071067811865475 0.0
actors.Brick src/images/brick2.gif 80 30 200 100 0.7071067811865475 0.7071067811865475 0.0
actors.Brick src/images/brick3.gif 80 30 300 100 0.7071067811865475 0.7071067811865475 0.0
actors.Brick src/images/brick4.gif 80 30 400 100 0.7071067811865475 0.7071067811865475 0.0
actors.Brick src/images/brick5.gif 80 30 500 100 0.7071067811865475 0.7071067811865475 0.0
actors.Brick src/images/brick6.gif 80 30 600 100 0.7071067811865475 0.7071067811865475 0.0
actors.Brick src/images/brick7.gif 80 30 700 100 0.7071067811865475 0.7071067811865475 0.0
actors.Brick src/images/brick8.gif 80 30 800 100 0.7071067811865475 0.7071067811865475 0.0
actors.BottomWall src/images/brick3.gif 960 16 480 666 0.7071067811865475 0.7071067811865475 0.0
update
actors.Ball src/images/ball.gif 16 16 180 140 0.7071067811865476 0.7071067811865476 10.0
actors.Paddle src/images/paddle.gif 80 16 580 600 0.7071067811865475 0.7071067811865475 0.0
actors.Brick src/images/brick2.gif 80 30 200 100 0.7071067811865475 0.7071067811865475 0.0
actors.Brick src/images/brick3.gif 80 30 300 100 0.7071067811865475 0.7071067811865475 0.0
actors.Brick src/images/brick4.gif 80 30 400 100 0.7071067811865475 0.7071067811865475 0.0
actors.Brick src/images/brick5.gif 80 30 500 100 0.7071067811865475 0.7071067811865475 0.0
actors.Brick src/images/brick6.gif 80 30 600 100 0.7071067811865475 0.7071067811865475 0.0
actors.Brick src/images/brick7.gif 80 30 700 100 0.7071067811865475 0.7071067811865475 0.0
actors.Brick src/images/brick8.gif 80 30 800 100 0.7071067811865475 0.7071067811865475 0.0
actors.BottomWall src/images/brick3.gif 960 16 480 666 0.7071067811865475 0.7071067811865475 0.0
update
actors.Ball src/images/ball.gif 16 16 187 147 0.7071067811865476 0.7071067811865476 10.0
actors.Paddle src/images/paddle.gif 80 16 580 600 0.7071067811865475 0.7071067811865475 0.0
actors.Brick src/images/brick2.gif 80 30 200 100 0.7071067811865475 0.7071067811865475 0.0
actors.Brick src/images/brick3.gif 80 30 300 100 0.7071067811865475 0.7071067811865475 0.0
actors.Brick src/images/brick4.gif 80 30 400 100 0.7071067811865475 0.7071067811865475 0.0
actors.Brick src/images/brick5.gif 80 30 500 100 0.7071067811865475 0.7071067811865475 0.0
actors.Brick src/images/brick6.gif 80 30 600 100 0.7071067811865475 0.7071067811865475 0.0
actors.Brick src/images/brick7.gif 80 30 700 100 0.7071067811865475 0.7071067811865475 0.0
actors.Brick src/images/brick8.gif 80 30 800 100 0.7071067811865475 0.7071067811865475 0.0
actors.BottomWall src/images/brick3.gif 960 16 480 666 0.7071067811865475 0.7071067811865475 0.0
update
actors.Ball src/images/ball.gif 16 16 194 154 0.7071067811865476 0.7071067811865476 10.0
actors.Paddle src/images/paddle.gif 80 16 580 600 0.7071067811865475 0.7071067811865475 0.0
actors.Brick src/images/brick2.gif 80 30 200 100 0.7071067811865475 0.7071067811865475 0.0
actors.Brick src/images/brick3.gif 80 30 300 100 0.7071067811865475 0.7071067811865475 0.0
actors.Brick src/images/brick4.gif 80 30 400 100 0.7071067811865475 0.7071067811865475 0.0
actors.Brick src/images/brick5.gif 80 30 500 100 0.7071067811865475 0.7071067811865475 0.0
actors.Brick src/images/brick6.gif 80 30 600 100 0.7071067811865475 0.7071067811865475 0.0
actors.Brick src/images/brick7.gif 80 30 700 100 0.7071067811865475 0.7071067811865475 0.0
actors.Brick src/images/brick8.gif 80 30 800 100 0.7071067811865475 0.7071067811865475 0.0
actors.BottomWall src/images/brick3.gif 960 16 480 666 0.7071067811865475 0.7071067811865475 0.0
update
actors.Ball src/images/ball.gif 16 16 201 161 0.7071067811865476 0.7071067811865476 10.0
actors.Paddle src/images/paddle.gif 80 16 580 600 0.7071067811865475 0.7071067811865475 0.0
actors.Brick src/images/brick2.gif 80 30 200 100 0.7071067811865475 0.7071067811865475 0.0
actors.Brick src/images/brick3.gif 80 30 300 100 0.7071067811865475 0.7071067811865475 0.0
actors.Brick src/images/brick4.gif 80 30 400 100 0.7071067811865475 0.7071067811865475 0.0
actors.Brick src/images/brick5.gif 80 30 500 100 0.7071067811865475 0.7071067811865475 0.0
actors.Brick src/images/brick6.gif 80 30 600 100 0.7071067811865475 0.7071067811865475 0.0
actors.Brick src/images/brick7.gif 80 30 700 100 0.7071067811865475 0.7071067811865475 0.0
actors.Brick src/images/brick8.gif 80 30 800 100 0.7071067811865475 0.7071067811865475 0.0
actors.BottomWall src/images/brick3.gif 960 16 480 666 0.7071067811865475 0.7071067811865475 0.0
update
actors.Ball src/images/ball.gif 16 16 208 168 0.7071067811865476 0.7071067811865476 10.0
actors.Paddle src/images/paddle.gif 80 16 580 600 0.7071067811865475 0.7071067811865475 0.0
actors.Brick src/images/brick2.gif 80 30 200 100 0.7071067811865475 0.7071067811865475 0.0
actors.Brick src/images/brick3.gif 80 30 300 100 0.7071067811865475 0.7071067811865475 0.0
actors.Brick src/images/brick4.gif 80 30 400 100 0.7071067811865475 0.7071067811865475 0.0
actors.Brick src/images/brick5.gif 80 30 500 100 0.7071067811865475 0.7071067811865475 0.0
actors.Brick src/images/brick6.gif 80 30 600 100 0.7071067811865475 0.7071067811865475 0.0
actors.Brick src/images/brick7.gif 80 30 700 100 0.7071067811865475 0.7071067811865475 0.0
actors.Brick src/images/brick8.gif 80 30 800 100 0.7071067811865475 0.7071067811865475 0.0
actors.BottomWall src/images/brick3.gif 960 16 480 666 0.7071067811865475 0.7071067811865475 0.0
update
actors.Ball src/images/ball.gif 16 16 215 175 0.7071067811865476 0.7071067811865476 10.0
actors.Paddle src/images/paddle.gif 80 16 580 600 0.7071067811865475 0.7071067811865475 0.0
actors.Brick src/images/brick2.gif 80 30 200 100 0.7071067811865475 0.7071067811865475 0.0
actors.Brick src/images/brick3.gif 80 30 300 100 0.7071067811865475 0.7071067811865475 0.0
actors.Brick src/images/brick4.gif 80 30 400 100 0.7071067811865475 0.7071067811865475 0.0
actors.Brick src/images/brick5.gif 80 30 500 100 0.7071067811865475 0.7071067811865475 0.0
actors.Brick src/images/brick6.gif 80 30 600 100 0.7071067811865475 0.7071067811865475 0.0
actors.Brick src/images/brick7.gif 80 30 700 100 0.7071067811865475 0.7071067811865475 0.0
actors.Brick src/images/brick8.gif 80 30 800 100 0.7071067811865475 0.7071067811865475 0.0
actors.BottomWall src/images/brick3.gif 960 16 480 666 0.7071067811865475 0.7071067811865475 0.0
update
actors.Ball src/images/ball.gif 16 16 222 182 0.7071067811865476 0.7071067811865476 10.0
actors.Paddle src/images/paddle.gif 80 16 580 600 0.7071067811865475 0.7071067811865475 0.0
actors.Brick src/images/brick2.gif 80 30 200 100 0.7071067811865475 0.7071067811865475 0.0
actors.Brick src/images/brick3.gif 80 30 300 100 0.7071067811865475 0.7071067811865475 0.0
actors.Brick src/images/brick4.gif 80 30 400 100 0.7071067811865475 0.7071067811865475 0.0
actors.Brick src/images/brick5.gif 80 30 500 100 0.7071067811865475 0.7071067811865475 0.0
actors.Brick src/images/brick6.gif 80 30 600 100 0.7071067811865475 0.7071067811865475 0.0
actors.Brick src/images/brick7.gif 80 30 700 100 0.7071067811865475 0.7071067811865475 0.0
actors.Brick src/images/brick8.gif 80 30 800 100 0.7071067811865475 0.7071067811865475 0.0
actors.BottomWall src/images/brick3.gif 960 16 480 666 0.7071067811865475 0.7071067811865475 0.0
update
actors.Ball src/images/ball.gif 16 16 229 189 0.7071067811865476 0.7071067811865476 10.0
actors.Paddle src/images/paddle.gif 80 16 580 600 0.7071067811865475 0.7071067811865475 0.0
actors.Brick src/images/brick2.gif 80 30 200 100 0.7071067811865475 0.7071067811865475 0.0
actors.Brick src/images/brick3.gif 80 30 300 100 0.7071067811865475 0.7071067811865475 0.0
actors.Brick src/images/brick4.gif 80 30 400 100 0.7071067811865475 0.7071067811865475 0.0
actors.Brick src/images/brick5.gif 80 30 500 100 0.7071067811865475 0.7071067811865475 0.0
actors.Brick src/images/brick6.gif 80 30 600 100 0.7071067811865475 0.7071067811865475 0.0
actors.Brick src/images/brick7.gif 80 30 700 100 0.7071067811865475 0.7071067811865475 0.0
actors.Brick src/images/brick8.gif 80 30 800 100 0.7071067811865475 0.7071067811865475 0.0
actors.BottomWall src/images/brick3.gif 960 16 480 666 0.7071067811865475 0.7071067811865475 0.0
update
actors.Ball src/images/ball.gif 16 16 236 196 0.7071067811865476 0.7071067811865476 10.0
actors.Paddle src/images/paddle.gif 80 16 580 600 0.7071067811865475 0.7071067811865475 0.0
actors.Brick src/images/brick2.gif 80 30 200 100 0.7071067811865475 0.7071067811865475 0.0
actors.Brick src/images/brick3.gif 80 30 300 100 0.7071067811865475 0.7071067811865475 0.0
actors.Brick src/images/brick4.gif 80 30 400 100 0.7071067811865475 0.7071067811865475 0.0
actors.Brick src/images/brick5.gif 80 30 500 100 0.7071067811865475 0.7071067811865475 0.0
actors.Brick src/images/brick6.gif 80 30 600 100 0.7071067811865475 0.7071067811865475 0.0
actors.Brick src/images/brick7.gif 80 30 700 100 0.7071067811865475 0.7071067811865475 0.0
actors.Brick src/images/brick8.gif 80 30 800 100 0.7071067811865475 0.7071067811865475 0.0
actors.BottomWall src/images/brick3.gif 960 16 480 666 0.7071067811865475 0.7071067811865475 0.0
update
actors.Ball src/images/ball.gif 16 16 243 203 0.7071067811865476 0.7071067811865476 10.0
actors.Paddle src/images/paddle.gif 80 16 580 600 0.7071067811865475 0.7071067811865475 0.0
actors.Brick src/images/brick2.gif 80 30 200 100 0.7071067811865475 0.7071067811865475 0.0
actors.Brick src/images/brick3.gif 80 30 300 100 0.7071067811865475 0.7071067811865475 0.0
actors.Brick src/images/brick4.gif 80 30 400 100 0.7071067811865475 0.7071067811865475 0.0
actors.Brick src/images/brick5.gif 80 30 500 100 0.7071067811865475 0.7071067811865475 0.0
actors.Brick src/images/brick6.gif 80 30 600 100 0.7071067811865475 0.7071067811865475 0.0
actors.Brick src/images/brick7.gif 80 30 700 100 0.7071067811865475 0.7071067811865475 0.0
actors.Brick src/images/brick8.gif 80 30 800 100 0.7071067811865475 0.7071067811865475 0.0
actors.BottomWall src/images/brick3.gif 960 16 480 666 0.7071067811865475 0.7071067811865475 0.0
update
actors.Ball src/images/ball.gif 16 16 250 210 0.7071067811865476 0.7071067811865476 10.0
actors.Paddle src/images/paddle.gif 80 16 580 600 0.7071067811865475 0.7071067811865475 0.0
actors.Brick src/images/brick2.gif 80 30 200 100 0.7071067811865475 0.7071067811865475 0.0
actors.Brick src/images/brick3.gif 80 30 300 100 0.7071067811865475 0.7071067811865475 0.0
actors.Brick src/images/brick4.gif 80 30 400 100 0.7071067811865475 0.7071067811865475 0.0
actors.Brick src/images/brick5.gif 80 30 500 100 0.7071067811865475 0.7071067811865475 0.0
actors.Brick src/images/brick6.gif 80 30 600 100 0.7071067811865475 0.7071067811865475 0.0
actors.Brick src/images/brick7.gif 80 30 700 100 0.7071067811865475 0.7071067811865475 0.0
actors.Brick src/images/brick8.gif 80 30 800 100 0.7071067811865475 0.7071067811865475 0.0
actors.BottomWall src/images/brick3.gif 960 16 480 666 0.7071067811865475 0.7071067811865475 0.0
update
actors.Ball src/images/ball.gif 16 16 257 217 0.7071067811865476 0.7071067811865476 10.0
actors.Paddle src/images/paddle.gif 80 16 580 600 0.7071067811865475 0.7071067811865475 0.0
actors.Brick src/images/brick2.gif 80 30 200 100 0.7071067811865475 0.7071067811865475 0.0
actors.Brick src/images/brick3.gif 80 30 300 100 0.7071067811865475 0.7071067811865475 0.0
actors.Brick src/images/brick4.gif 80 30 400 100 0.7071067811865475 0.7071067811865475 0.0
actors.Brick src/images/brick5.gif 80 30 500 100 0.7071067811865475 0.7071067811865475 0.0
actors.Brick src/images/brick6.gif 80 30 600 100 0.7071067811865475 0.7071067811865475 0.0
actors.Brick src/images/brick7.gif 80 30 700 100 0.7071067811865475 0.7071067811865475 0.0
actors.Brick src/images/brick8.gif 80 30 800 100 0.7071067811865475 0.7071067811865475 0.0
actors.BottomWall src/images/brick3.gif 960 16 480 666 0.7071067811865475 0.7071067811865475 0.0
update
actors.Ball src/images/ball.gif 16 16 264 224 0.7071067811865476 0.7071067811865476 10.0
actors.Paddle src/images/paddle.gif 80 16 580 600 0.7071067811865475 0.7071067811865475 0.0
actors.Brick src/images/brick2.gif 80 30 200 100 0.7071067811865475 0.7071067811865475 0.0
actors.Brick src/images/brick3.gif 80 30 300 100 0.7071067811865475 0.7071067811865475 0.0
actors.Brick src/images/brick4.gif 80 30 400 100 0.7071067811865475 0.7071067811865475 0.0
actors.Brick src/images/brick5.gif 80 30 500 100 0.7071067811865475 0.7071067811865475 0.0
actors.Brick src/images/brick6.gif 80 30 600 100 0.7071067811865475 0.7071067811865475 0.0
actors.Brick src/images/brick7.gif 80 30 700 100 0.7071067811865475 0.7071067811865475 0.0
actors.Brick src/images/brick8.gif 80 30 800 100 0.7071067811865475 0.7071067811865475 0.0
actors.BottomWall src/images/brick3.gif 960 16 480 666 0.7071067811865475 0.7071067811865475 0.0
update
actors.Ball src/images/ball.gif 16 16 271 231 0.7071067811865476 0.7071067811865476 10.0
actors.Paddle src/images/paddle.gif 80 16 580 600 0.7071067811865475 0.7071067811865475 0.0
actors.Brick src/images/brick2.gif 80 30 200 100 0.7071067811865475 0.7071067811865475 0.0
actors.Brick src/images/brick3.gif 80 30 300 100 0.7071067811865475 0.7071067811865475 0.0
actors.Brick src/images/brick4.gif 80 30 400 100 0.7071067811865475 0.7071067811865475 0.0
actors.Brick src/images/brick5.gif 80 30 500 100 0.7071067811865475 0.7071067811865475 0.0
actors.Brick src/images/brick6.gif 80 30 600 100 0.7071067811865475 0.7071067811865475 0.0
actors.Brick src/images/brick7.gif 80 30 700 100 0.7071067811865475 0.7071067811865475 0.0
actors.Brick src/images/brick8.gif 80 30 800 100 0.7071067811865475 0.7071067811865475 0.0
actors.BottomWall src/images/brick3.gif 960 16 480 666 0.7071067811865475 0.7071067811865475 0.0
update
actors.Ball src/images/ball.gif 16 16 278 238 0.7071067811865476 0.7071067811865476 10.0
actors.Paddle src/images/paddle.gif 80 16 580 600 0.7071067811865475 0.7071067811865475 0.0
actors.Brick src/images/brick2.gif 80 30 200 100 0.7071067811865475 0.7071067811865475 0.0
actors.Brick src/images/brick3.gif 80 30 300 100 0.7071067811865475 0.7071067811865475 0.0
actors.Brick src/images/brick4.gif 80 30 400 100 0.7071067811865475 0.7071067811865475 0.0
actors.Brick src/images/brick5.gif 80 30 500 100 0.7071067811865475 0.7071067811865475 0.0
actors.Brick src/images/brick6.gif 80 30 600 100 0.7071067811865475 0.7071067811865475 0.0
actors.Brick src/images/brick7.gif 80 30 700 100 0.7071067811865475 0.7071067811865475 0.0
actors.Brick src/images/brick8.gif 80 30 800 100 0.7071067811865475 0.7071067811865475 0.0
actors.BottomWall src/images/brick3.gif 960 16 480 666 0.7071067811865475 0.7071067811865475 0.0
update
actors.Ball src/images/ball.gif 16 16 285 245 0.7071067811865476 0.7071067811865476 10.0
actors.Paddle src/images/paddle.gif 80 16 580 600 0.7071067811865475 0.7071067811865475 0.0
actors.Brick src/images/brick2.gif 80 30 200 100 0.7071067811865475 0.7071067811865475 0.0
actors.Brick src/images/brick3.gif 80 30 300 100 0.7071067811865475 0.7071067811865475 0.0
actors.Brick src/images/brick4.gif 80 30 400 100 0.7071067811865475 0.7071067811865475 0.0
actors.Brick src/images/brick5.gif 80 30 500 100 0.7071067811865475 0.7071067811865475 0.0
actors.Brick src/images/brick6.gif 80 30 600 100 0.7071067811865475 0.7071067811865475 0.0
actors.Brick src/images/brick7.gif 80 30 700 100 0.7071067811865475 0.7071067811865475 0.0
actors.Brick src/images/brick8.gif 80 30 800 100 0.7071067811865475 0.7071067811865475 0.0
actors.BottomWall src/images/brick3.gif 960 16 480 666 0.7071067811865475 0.7071067811865475 0.0
update
actors.Ball src/images/ball.gif 16 16 292 252 0.7071067811865476 0.7071067811865476 10.0
actors.Paddle src/images/paddle.gif 80 16 580 600 0.7071067811865475 0.7071067811865475 0.0
actors.Brick src/images/brick2.gif 80 30 200 100 0.7071067811865475 0.7071067811865475 0.0
actors.Brick src/images/brick3.gif 80 30 300 100 0.7071067811865475 0.7071067811865475 0.0
actors.Brick src/images/brick4.gif 80 30 400 100 0.7071067811865475 0.7071067811865475 0.0
actors.Brick src/images/brick5.gif 80 30 500 100 0.7071067811865475 0.7071067811865475 0.0
actors.Brick src/images/brick6.gif 80 30 600 100 0.7071067811865475 0.7071067811865475 0.0
actors.Brick src/images/brick7.gif 80 30 700 100 0.7071067811865475 0.7071067811865475 0.0
actors.Brick src/images/brick8.gif 80 30 800 100 0.7071067811865475 0.7071067811865475 0.0
actors.BottomWall src/images/brick3.gif 960 16 480 666 0.7071067811865475 0.7071067811865475 0.0
update
actors.Ball src/images/ball.gif 16 16 299 259 0.7071067811865476 0.7071067811865476 10.0
actors.Paddle src/images/paddle.gif 80 16 580 600 0.7071067811865475 0.7071067811865475 0.0
actors.Brick src/images/brick2.gif 80 30 200 100 0.7071067811865475 0.7071067811865475 0.0
actors.Brick src/images/brick3.gif 80 30 300 100 0.7071067811865475 0.7071067811865475 0.0
actors.Brick src/images/brick4.gif 80 30 400 100 0.7071067811865475 0.7071067811865475 0.0
actors.Brick src/images/brick5.gif 80 30 500 100 0.7071067811865475 0.7071067811865475 0.0
actors.Brick src/images/brick6.gif 80 30 600 100 0.7071067811865475 0.7071067811865475 0.0
actors.Brick src/images/brick7.gif 80 30 700 100 0.7071067811865475 0.7071067811865475 0.0
actors.Brick src/images/brick8.gif 80 30 800 100 0.7071067811865475 0.7071067811865475 0.0
actors.BottomWall src/images/brick3.gif 960 16 480 666 0.7071067811865475 0.7071067811865475 0.0
update
actors.Ball src/images/ball.gif 16 16 306 266 0.7071067811865476 0.7071067811865476 10.0
actors.Paddle src/images/paddle.gif 80 16 580 600 0.7071067811865475 0.7071067811865475 0.0
actors.Brick src/images/brick2.gif 80 30 200 100 0.7071067811865475 0.7071067811865475 0.0
actors.Brick src/images/brick3.gif 80 30 300 100 0.7071067811865475 0.7071067811865475 0.0
actors.Brick src/images/brick4.gif 80 30 400 100 0.7071067811865475 0.7071067811865475 0.0
actors.Brick src/images/brick5.gif 80 30 500 100 0.7071067811865475 0.7071067811865475 0.0
actors.Brick src/images/brick6.gif 80 30 600 100 0.7071067811865475 0.7071067811865475 0.0
actors.Brick src/images/brick7.gif 80 30 700 100 0.7071067811865475 0.7071067811865475 0.0
actors.Brick src/images/brick8.gif 80 30 800 100 0.7071067811865475 0.7071067811865475 0.0
actors.BottomWall src/images/brick3.gif 960 16 480 666 0.7071067811865475 0.7071067811865475 0.0
update
actors.Ball src/images/ball.gif 16 16 313 273 0.7071067811865476 0.7071067811865476 10.0
actors.Paddle src/images/paddle.gif 80 16 580 600 0.7071067811865475 0.7071067811865475 0.0
actors.Brick src/images/brick2.gif 80 30 200 100 0.7071067811865475 0.7071067811865475 0.0
actors.Brick src/images/brick3.gif 80 30 300 100 0.7071067811865475 0.7071067811865475 0.0
actors.Brick src/images/brick4.gif 80 30 400 100 0.7071067811865475 0.7071067811865475 0.0
actors.Brick src/images/brick5.gif 80 30 500 100 0.7071067811865475 0.7071067811865475 0.0
actors.Brick src/images/brick6.gif 80 30 600 100 0.7071067811865475 0.7071067811865475 0.0
actors.Brick src/images/brick7.gif 80 30 700 100 0.7071067811865475 0.7071067811865475 0.0
actors.Brick src/images/brick8.gif 80 30 800 100 0.7071067811865475 0.7071067811865475 0.0
actors.BottomWall src/images/brick3.gif 960 16 480 666 0.7071067811865475 0.7071067811865475 0.0
update
actors.Ball src/images/ball.gif 16 16 320 280 0.7071067811865476 0.7071067811865476 10.0
actors.Paddle src/images/paddle.gif 80 16 580 600 0.7071067811865475 0.7071067811865475 0.0
actors.Brick src/images/brick2.gif 80 30 200 100 0.7071067811865475 0.7071067811865475 0.0
actors.Brick src/images/brick3.gif 80 30 300 100 0.7071067811865475 0.7071067811865475 0.0
actors.Brick src/images/brick4.gif 80 30 400 100 0.7071067811865475 0.7071067811865475 0.0
actors.Brick src/images/brick5.gif 80 30 500 100 0.7071067811865475 0.7071067811865475 0.0
actors.Brick src/images/brick6.gif 80 30 600 100 0.7071067811865475 0.7071067811865475 0.0
actors.Brick src/images/brick7.gif 80 30 700 100 0.7071067811865475 0.7071067811865475 0.0
actors.Brick src/images/brick8.gif 80 30 800 100 0.7071067811865475 0.7071067811865475 0.0
actors.BottomWall src/images/brick3.gif 960 16 480 666 0.7071067811865475 0.7071067811865475 0.0
update
actors.Ball src/images/ball.gif 16 16 327 287 0.7071067811865476 0.7071067811865476 10.0
actors.Paddle src/images/paddle.gif 80 16 580 600 0.7071067811865475 0.7071067811865475 0.0
actors.Brick src/images/brick2.gif 80 30 200 100 0.7071067811865475 0.7071067811865475 0.0
actors.Brick src/images/brick3.gif 80 30 300 100 0.7071067811865475 0.7071067811865475 0.0
actors.Brick src/images/brick4.gif 80 30 400 100 0.7071067811865475 0.7071067811865475 0.0
actors.Brick src/images/brick5.gif 80 30 500 100 0.7071067811865475 0.7071067811865475 0.0
actors.Brick src/images/brick6.gif 80 30 600 100 0.7071067811865475 0.7071067811865475 0.0
actors.Brick src/images/brick7.gif 80 30 700 100 0.7071067811865475 0.7071067811865475 0.0
actors.Brick src/images/brick8.gif 80 30 800 100 0.7071067811865475 0.7071067811865475 0.0
actors.BottomWall src/images/brick3.gif 960 16 480 666 0.7071067811865475 0.7071067811865475 0.0
update
actors.Ball src/images/ball.gif 16 16 334 294 0.7071067811865476 0.7071067811865476 10.0
actors.Paddle src/images/paddle.gif 80 16 580 600 0.7071067811865475 0.7071067811865475 0.0
actors.Brick src/images/brick2.gif 80 30 200 100 0.7071067811865475 0.7071067811865475 0.0
actors.Brick src/images/brick3.gif 80 30 300 100 0.7071067811865475 0.7071067811865475 0.0
actors.Brick src/images/brick4.gif 80 30 400 100 0.7071067811865475 0.7071067811865475 0.0
actors.Brick src/images/brick5.gif 80 30 500 100 0.7071067811865475 0.7071067811865475 0.0
actors.Brick src/images/brick6.gif 80 30 600 100 0.7071067811865475 0.7071067811865475 0.0
actors.Brick src/images/brick7.gif 80 30 700 100 0.7071067811865475 0.7071067811865475 0.0
actors.Brick src/images/brick8.gif 80 30 800 100 0.7071067811865475 0.7071067811865475 0.0
actors.BottomWall src/images/brick3.gif 960 16 480 666 0.7071067811865475 0.7071067811865475 0.0
update
actors.Ball src/images/ball.gif 16 16 341 301 0.7071067811865476 0.7071067811865476 10.0
actors.Paddle src/images/paddle.gif 80 16 580 600 0.7071067811865475 0.7071067811865475 0.0
actors.Brick src/images/brick2.gif 80 30 200 100 0.7071067811865475 0.7071067811865475 0.0
actors.Brick src/images/brick3.gif 80 30 300 100 0.7071067811865475 0.7071067811865475 0.0
actors.Brick src/images/brick4.gif 80 30 400 100 0.7071067811865475 0.7071067811865475 0.0
actors.Brick src/images/brick5.gif 80 30 500 100 0.7071067811865475 0.7071067811865475 0.0
actors.Brick src/images/brick6.gif 80 30 600 100 0.7071067811865475 0.7071067811865475 0.0
actors.Brick src/images/brick7.gif 80 30 700 100 0.7071067811865475 0.7071067811865475 0.0
actors.Brick src/images/brick8.gif 80 30 800 100 0.7071067811865475 0.7071067811865475 0.0
actors.BottomWall src/images/brick3.gif 960 16 480 666 0.7071067811865475 0.7071067811865475 0.0
update
actors.Ball src/images/ball.gif 16 16 348 308 0.7071067811865476 0.7071067811865476 10.0
actors.Paddle src/images/paddle.gif 80 16 580 600 0.7071067811865475 0.7071067811865475 0.0
actors.Brick src/images/brick2.gif 80 30 200 100 0.7071067811865475 0.7071067811865475 0.0
actors.Brick src/images/brick3.gif 80 30 300 100 0.7071067811865475 0.7071067811865475 0.0
actors.Brick src/images/brick4.gif 80 30 400 100 0.7071067811865475 0.7071067811865475 0.0
actors.Brick src/images/brick5.gif 80 30 500 100 0.7071067811865475 0.7071067811865475 0.0
actors.Brick src/images/brick6.gif 80 30 600 100 0.7071067811865475 0.7071067811865475 0.0
actors.Brick src/images/brick7.gif 80 30 700 100 0.7071067811865475 0.7071067811865475 0.0
actors.Brick src/images/brick8.gif 80 30 800 100 0.7071067811865475 0.7071067811865475 0.0
actors.BottomWall src/images/brick3.gif 960 16 480 666 0.7071067811865475 0.7071067811865475 0.0
update
actors.Ball src/images/ball.gif 16 16 355 315 0.7071067811865476 0.7071067811865476 10.0
actors.Paddle src/images/paddle.gif 80 16 580 600 0.7071067811865475 0.7071067811865475 0.0
actors.Brick src/images/brick2.gif 80 30 200 100 0.7071067811865475 0.7071067811865475 0.0
actors.Brick src/images/brick3.gif 80 30 300 100 0.7071067811865475 0.7071067811865475 0.0
actors.Brick src/images/brick4.gif 80 30 400 100 0.7071067811865475 0.7071067811865475 0.0
actors.Brick src/images/brick5.gif 80 30 500 100 0.7071067811865475 0.7071067811865475 0.0
actors.Brick src/images/brick6.gif 80 30 600 100 0.7071067811865475 0.7071067811865475 0.0
actors.Brick src/images/brick7.gif 80 30 700 100 0.7071067811865475 0.7071067811865475 0.0
actors.Brick src/images/brick8.gif 80 30 800 100 0.7071067811865475 0.7071067811865475 0.0
actors.BottomWall src/images/brick3.gif 960 16 480 666 0.7071067811865475 0.7071067811865475 0.0
update
actors.Ball src/images/ball.gif 16 16 362 322 0.7071067811865476 0.7071067811865476 10.0
actors.Paddle src/images/paddle.gif 80 16 580 600 0.7071067811865475 0.7071067811865475 0.0
actors.Brick src/images/brick2.gif 80 30 200 100 0.7071067811865475 0.7071067811865475 0.0
actors.Brick src/images/brick3.gif 80 30 300 100 0.7071067811865475 0.7071067811865475 0.0
actors.Brick src/images/brick4.gif 80 30 400 100 0.7071067811865475 0.7071067811865475 0.0
actors.Brick src/images/brick5.gif 80 30 500 100 0.7071067811865475 0.7071067811865475 0.0
actors.Brick src/images/brick6.gif 80 30 600 100 0.7071067811865475 0.7071067811865475 0.0
actors.Brick src/images/brick7.gif 80 30 700 100 0.7071067811865475 0.7071067811865475 0.0
actors.Brick src/images/brick8.gif 80 30 800 100 0.7071067811865475 0.7071067811865475 0.0
actors.BottomWall src/images/brick3.gif 960 16 480 666 0.7071067811865475 0.7071067811865475 0.0
update
actors.Ball src/images/ball.gif 16 16 369 329 0.7071067811865476 0.7071067811865476 10.0
actors.Paddle src/images/paddle.gif 80 16 580 600 0.7071067811865475 0.7071067811865475 0.0
actors.Brick src/images/brick2.gif 80 30 200 100 0.7071067811865475 0.7071067811865475 0.0
actors.Brick src/images/brick3.gif 80 30 300 100 0.7071067811865475 0.7071067811865475 0.0
actors.Brick src/images/brick4.gif 80 30 400 100 0.7071067811865475 0.7071067811865475 0.0
actors.Brick src/images/brick5.gif 80 30 500 100 0.7071067811865475 0.7071067811865475 0.0
actors.Brick src/images/brick6.gif 80 30 600 100 0.7071067811865475 0.7071067811865475 0.0
actors.Brick src/images/brick7.gif 80 30 700 100 0.7071067811865475 0.7071067811865475 0.0
actors.Brick src/images/brick8.gif 80 30 800 100 0.7071067811865475 0.7071067811865475 0.0
actors.BottomWall src/images/brick3.gif 960 16 480 666 0.7071067811865475 0.7071067811865475 0.0
update
actors.Ball src/images/ball.gif 16 16 376 336 0.7071067811865476 0.7071067811865476 10.0
actors.Paddle src/images/paddle.gif 80 16 580 600 0.7071067811865475 0.7071067811865475 0.0
actors.Brick src/images/brick2.gif 80 30 200 100 0.7071067811865475 0.7071067811865475 0.0
actors.Brick src/images/brick3.gif 80 30 300 100 0.7071067811865475 0.7071067811865475 0.0
actors.Brick src/images/brick4.gif 80 30 400 100 0.7071067811865475 0.7071067811865475 0.0
actors.Brick src/images/brick5.gif 80 30 500 100 0.7071067811865475 0.7071067811865475 0.0
actors.Brick src/images/brick6.gif 80 30 600 100 0.7071067811865475 0.7071067811865475 0.0
actors.Brick src/images/brick7.gif 80 30 700 100 0.7071067811865475 0.7071067811865475 0.0
actors.Brick src/images/brick8.gif 80 30 800 100 0.7071067811865475 0.7071067811865475 0.0
actors.BottomWall src/images/brick3.gif 960 16 480 666 0.7071067811865475 0.7071067811865475 0.0
update
actors.Ball src/images/ball.gif 16 16 383 343 0.7071067811865476 0.7071067811865476 10.0
actors.Paddle src/images/paddle.gif 80 16 580 600 0.7071067811865475 0.7071067811865475 0.0
actors.Brick src/images/brick2.gif 80 30 200 100 0.7071067811865475 0.7071067811865475 0.0
actors.Brick src/images/brick3.gif 80 30 300 100 0.7071067811865475 0.7071067811865475 0.0
actors.Brick src/images/brick4.gif 80 30 400 100 0.7071067811865475 0.7071067811865475 0.0
actors.Brick src/images/brick5.gif 80 30 500 100 0.7071067811865475 0.7071067811865475 0.0
actors.Brick src/images/brick6.gif 80 30 600 100 0.7071067811865475 0.7071067811865475 0.0
actors.Brick src/images/brick7.gif 80 30 700 100 0.7071067811865475 0.7071067811865475 0.0
actors.Brick src/images/brick8.gif 80 30 800 100 0.7071067811865475 0.7071067811865475 0.0
actors.BottomWall src/images/brick3.gif 960 16 480 666 0.7071067811865475 0.7071067811865475 0.0
update
actors.Ball src/images/ball.gif 16 16 390 350 0.7071067811865476 0.7071067811865476 10.0
actors.Paddle src/images/paddle.gif 80 16 580 600 0.7071067811865475 0.7071067811865475 0.0
actors.Brick src/images/brick2.gif 80 30 200 100 0.7071067811865475 0.7071067811865475 0.0
actors.Brick src/images/brick3.gif 80 30 300 100 0.7071067811865475 0.7071067811865475 0.0
actors.Brick src/images/brick4.gif 80 30 400 100 0.7071067811865475 0.7071067811865475 0.0
actors.Brick src/images/brick5.gif 80 30 500 100 0.7071067811865475 0.7071067811865475 0.0
actors.Brick src/images/brick6.gif 80 30 600 100 0.7071067811865475 0.7071067811865475 0.0
actors.Brick src/images/brick7.gif 80 30 700 100 0.7071067811865475 0.7071067811865475 0.0
actors.Brick src/images/brick8.gif 80 30 800 100 0.7071067811865475 0.7071067811865475 0.0
actors.BottomWall src/images/brick3.gif 960 16 480 666 0.7071067811865475 0.7071067811865475 0.0
update
actors.Ball src/images/ball.gif 16 16 397 357 0.7071067811865476 0.7071067811865476 10.0
actors.Paddle src/images/paddle.gif 80 16 580 600 0.7071067811865475 0.7071067811865475 0.0
actors.Brick src/images/brick2.gif 80 30 200 100 0.7071067811865475 0.7071067811865475 0.0
actors.Brick src/images/brick3.gif 80 30 300 100 0.7071067811865475 0.7071067811865475 0.0
actors.Brick src/images/brick4.gif 80 30 400 100 0.7071067811865475 0.7071067811865475 0.0
actors.Brick src/images/brick5.gif 80 30 500 100 0.7071067811865475 0.7071067811865475 0.0
actors.Brick src/images/brick6.gif 80 30 600 100 0.7071067811865475 0.7071067811865475 0.0
actors.Brick src/images/brick7.gif 80 30 700 100 0.7071067811865475 0.7071067811865475 0.0
actors.Brick src/images/brick8.gif 80 30 800 100 0.7071067811865475 0.7071067811865475 0.0
actors.BottomWall src/images/brick3.gif 960 16 480 666 0.7071067811865475 0.7071067811865475 0.0
update
actors.Ball src/images/ball.gif 16 16 404 364 0.7071067811865476 0.7071067811865476 10.0
actors.Paddle src/images/paddle.gif 80 16 580 600 0.7071067811865475 0.7071067811865475 0.0
actors.Brick src/images/brick2.gif 80 30 200 100 0.7071067811865475 0.7071067811865475 0.0
actors.Brick src/images/brick3.gif 80 30 300 100 0.7071067811865475 0.7071067811865475 0.0
actors.Brick src/images/brick4.gif 80 30 400 100 0.7071067811865475 0.7071067811865475 0.0
actors.Brick src/images/brick5.gif 80 30 500 100 0.7071067811865475 0.7071067811865475 0.0
actors.Brick src/images/brick6.gif 80 30 600 100 0.7071067811865475 0.7071067811865475 0.0
actors.Brick src/images/brick7.gif 80 30 700 100 0.7071067811865475 0.7071067811865475 0.0
actors.Brick src/images/brick8.gif 80 30 800 100 0.7071067811865475 0.7071067811865475 0.0
actors.BottomWall src/images/brick3.gif 960 16 480 666 0.7071067811865475 0.7071067811865475 0.0
update
actors.Ball src/images/ball.gif 16 16 411 371 0.7071067811865476 0.7071067811865476 10.0
actors.Paddle src/images/paddle.gif 80 16 580 600 0.7071067811865475 0.7071067811865475 0.0
actors.Brick src/images/brick2.gif 80 30 200 100 0.7071067811865475 0.7071067811865475 0.0
actors.Brick src/images/brick3.gif 80 30 300 100 0.7071067811865475 0.7071067811865475 0.0
actors.Brick src/images/brick4.gif 80 30 400 100 0.7071067811865475 0.7071067811865475 0.0
actors.Brick src/images/brick5.gif 80 30 500 100 0.7071067811865475 0.7071067811865475 0.0
actors.Brick src/images/brick6.gif 80 30 600 100 0.7071067811865475 0.7071067811865475 0.0
actors.Brick src/images/brick7.gif 80 30 700 100 0.7071067811865475 0.7071067811865475 0.0
actors.Brick src/images/brick8.gif 80 30 800 100 0.7071067811865475 0.7071067811865475 0.0
actors.BottomWall src/images/brick3.gif 960 16 480 666 0.7071067811865475 0.7071067811865475 0.0
update
actors.Ball src/images/ball.gif 16 16 418 378 0.7071067811865476 0.7071067811865476 10.0
actors.Paddle src/images/paddle.gif 80 16 580 600 0.7071067811865475 0.7071067811865475 0.0
actors.Brick src/images/brick2.gif 80 30 200 100 0.7071067811865475 0.7071067811865475 0.0
actors.Brick src/images/brick3.gif 80 30 300 100 0.7071067811865475 0.7071067811865475 0.0
actors.Brick src/images/brick4.gif 80 30 400 100 0.7071067811865475 0.7071067811865475 0.0
actors.Brick src/images/brick5.gif 80 30 500 100 0.7071067811865475 0.7071067811865475 0.0
actors.Brick src/images/brick6.gif 80 30 600 100 0.7071067811865475 0.7071067811865475 0.0
actors.Brick src/images/brick7.gif 80 30 700 100 0.7071067811865475 0.7071067811865475 0.0
actors.Brick src/images/brick8.gif 80 30 800 100 0.7071067811865475 0.7071067811865475 0.0
actors.BottomWall src/images/brick3.gif 960 16 480 666 0.7071067811865475 0.7071067811865475 0.0
update
actors.Ball src/images/ball.gif 16 16 425 385 0.7071067811865476 0.7071067811865476 10.0
actors.Paddle src/images/paddle.gif 80 16 580 600 0.7071067811865475 0.7071067811865475 0.0
actors.Brick src/images/brick2.gif 80 30 200 100 0.7071067811865475 0.7071067811865475 0.0
actors.Brick src/images/brick3.gif 80 30 300 100 0.7071067811865475 0.7071067811865475 0.0
actors.Brick src/images/brick4.gif 80 30 400 100 0.7071067811865475 0.7071067811865475 0.0
actors.Brick src/images/brick5.gif 80 30 500 100 0.7071067811865475 0.7071067811865475 0.0
actors.Brick src/images/brick6.gif 80 30 600 100 0.7071067811865475 0.7071067811865475 0.0
actors.Brick src/images/brick7.gif 80 30 700 100 0.7071067811865475 0.7071067811865475 0.0
actors.Brick src/images/brick8.gif 80 30 800 100 0.7071067811865475 0.7071067811865475 0.0
actors.BottomWall src/images/brick3.gif 960 16 480 666 0.7071067811865475 0.7071067811865475 0.0
update
actors.Ball src/images/ball.gif 16 16 432 392 0.7071067811865476 0.7071067811865476 10.0
actors.Paddle src/images/paddle.gif 80 16 580 600 0.7071067811865475 0.7071067811865475 0.0
actors.Brick src/images/brick2.gif 80 30 200 100 0.7071067811865475 0.7071067811865475 0.0
actors.Brick src/images/brick3.gif 80 30 300 100 0.7071067811865475 0.7071067811865475 0.0
actors.Brick src/images/brick4.gif 80 30 400 100 0.7071067811865475 0.7071067811865475 0.0
actors.Brick src/images/brick5.gif 80 30 500 100 0.7071067811865475 0.7071067811865475 0.0
actors.Brick src/images/brick6.gif 80 30 600 100 0.7071067811865475 0.7071067811865475 0.0
actors.Brick src/images/brick7.gif 80 30 700 100 0.7071067811865475 0.7071067811865475 0.0
actors.Brick src/images/brick8.gif 80 30 800 100 0.7071067811865475 0.7071067811865475 0.0
actors.BottomWall src/images/brick3.gif 960 16 480 666 0.7071067811865475 0.7071067811865475 0.0
update
actors.Ball src/images/ball.gif 16 16 439 399 0.7071067811865476 0.7071067811865476 10.0
actors.Paddle src/images/paddle.gif 80 16 580 600 0.7071067811865475 0.7071067811865475 0.0
actors.Brick src/images/brick2.gif 80 30 200 100 0.7071067811865475 0.7071067811865475 0.0
actors.Brick src/images/brick3.gif 80 30 300 100 0.7071067811865475 0.7071067811865475 0.0
actors.Brick src/images/brick4.gif 80 30 400 100 0.7071067811865475 0.7071067811865475 0.0
actors.Brick src/images/brick5.gif 80 30 500 100 0.7071067811865475 0.7071067811865475 0.0
actors.Brick src/images/brick6.gif 80 30 600 100 0.7071067811865475 0.7071067811865475 0.0
actors.Brick src/images/brick7.gif 80 30 700 100 0.7071067811865475 0.7071067811865475 0.0
actors.Brick src/images/brick8.gif 80 30 800 100 0.7071067811865475 0.7071067811865475 0.0
actors.BottomWall src/images/brick3.gif 960 16 480 666 0.7071067811865475 0.7071067811865475 0.0
