actors.Ball src/images/ball.gif 16 16 480 450 -0.7071067811865475 -0.7071067811865475 10.0
actors.Paddle src/images/paddle.gif 80 16 580 600 -0.7071067811865475 -0.7071067811865475 10.0
actors.Brick src/images/brick1.gif 80 30 100 100 -0.7071067811865475 -0.7071067811865475 10.0
actors.Brick src/images/brick2.gif 80 30 200 100 -0.7071067811865475 -0.7071067811865475 10.0
actors.Brick src/images/brick3.gif 80 30 300 100 -0.7071067811865475 -0.7071067811865475 10.0
actors.Brick src/images/brick4.gif 80 30 400 100 -0.7071067811865475 -0.7071067811865475 10.0
actors.Brick src/images/brick5.gif 80 30 500 100 -0.7071067811865475 -0.7071067811865475 10.0
actors.Brick src/images/brick6.gif 80 30 600 100 -0.7071067811865475 -0.7071067811865475 10.0
actors.Brick src/images/brick7.gif 80 30 700 100 -0.7071067811865475 -0.7071067811865475 10.0
actors.Brick src/images/brick8.gif 80 30 800 100 -0.7071067811865475 -0.7071067811865475 10.0
actors.BottomWall src/images/brick3.gif 960 16 480 666 -0.7071067811865475 -0.7071067811865475 10.0
update
actors.Ball src/images/ball.gif 16 16 472 442 -0.7071067811865475 -0.7071067811865475 10.0
actors.Paddle src/images/paddle.gif 80 16 580 600 -0.7071067811865475 -0.7071067811865475 10.0
actors.Brick src/images/brick1.gif 80 30 100 100 -0.7071067811865475 -0.7071067811865475 10.0
actors.Brick src/images/brick2.gif 80 30 200 100 -0.7071067811865475 -0.7071067811865475 10.0
actors.Brick src/images/brick3.gif 80 30 300 100 -0.7071067811865475 -0.7071067811865475 10.0
actors.Brick src/images/brick4.gif 80 30 400 100 -0.7071067811865475 -0.7071067811865475 10.0
actors.Brick src/images/brick5.gif 80 30 500 100 -0.7071067811865475 -0.7071067811865475 10.0
actors.Brick src/images/brick6.gif 80 30 600 100 -0.7071067811865475 -0.7071067811865475 10.0
actors.Brick src/images/brick7.gif 80 30 700 100 -0.7071067811865475 -0.7071067811865475 10.0
actors.Brick src/images/brick8.gif 80 30 800 100 -0.7071067811865475 -0.7071067811865475 10.0
actors.BottomWall src/images/brick3.gif 960 16 480 666 -0.7071067811865475 -0.7071067811865475 10.0
update
actors.Ball src/images/ball.gif 16 16 464 434 -0.7071067811865475 -0.7071067811865475 10.0
actors.Paddle src/images/paddle.gif 80 16 580 600 -0.7071067811865475 -0.7071067811865475 10.0
actors.Brick src/images/brick1.gif 80 30 100 100 -0.7071067811865475 -0.7071067811865475 10.0
actors.Brick src/images/brick2.gif 80 30 200 100 -0.7071067811865475 -0.7071067811865475 10.0
actors.Brick src/images/brick3.gif 80 30 300 100 -0.7071067811865475 -0.7071067811865475 10.0
actors.Brick src/images/brick4.gif 80 30 400 100 -0.7071067811865475 -0.7071067811865475 10.0
actors.Brick src/images/brick5.gif 80 30 500 100 -0.7071067811865475 -0.7071067811865475 10.0
actors.Brick src/images/brick6.gif 80 30 600 100 -0.7071067811865475 -0.7071067811865475 10.0
actors.Brick src/images/brick7.gif 80 30 700 100 -0.7071067811865475 -0.7071067811865475 10.0
actors.Brick src/images/brick8.gif 80 30 800 100 -0.7071067811865475 -0.7071067811865475 10.0
actors.BottomWall src/images/brick3.gif 960 16 480 666 -0.7071067811865475 -0.7071067811865475 10.0
update
actors.Ball src/images/ball.gif 16 16 456 426 -0.7071067811865475 -0.7071067811865475 10.0
actors.Paddle src/images/paddle.gif 80 16 580 600 -0.7071067811865475 -0.7071067811865475 10.0
actors.Brick src/images/brick1.gif 80 30 100 100 -0.7071067811865475 -0.7071067811865475 10.0
actors.Brick src/images/brick2.gif 80 30 200 100 -0.7071067811865475 -0.7071067811865475 10.0
actors.Brick src/images/brick3.gif 80 30 300 100 -0.7071067811865475 -0.7071067811865475 10.0
actors.Brick src/images/brick4.gif 80 30 400 100 -0.7071067811865475 -0.7071067811865475 10.0
actors.Brick src/images/brick5.gif 80 30 500 100 -0.7071067811865475 -0.7071067811865475 10.0
actors.Brick src/images/brick6.gif 80 30 600 100 -0.7071067811865475 -0.7071067811865475 10.0
actors.Brick src/images/brick7.gif 80 30 700 100 -0.7071067811865475 -0.7071067811865475 10.0
actors.Brick src/images/brick8.gif 80 30 800 100 -0.7071067811865475 -0.7071067811865475 10.0
actors.BottomWall src/images/brick3.gif 960 16 480 666 -0.7071067811865475 -0.7071067811865475 10.0
update
actors.Ball src/images/ball.gif 16 16 448 418 -0.7071067811865475 -0.7071067811865475 10.0
actors.Paddle src/images/paddle.gif 80 16 580 600 -0.7071067811865475 -0.7071067811865475 10.0
actors.Brick src/images/brick1.gif 80 30 100 100 -0.7071067811865475 -0.7071067811865475 10.0
actors.Brick src/images/brick2.gif 80 30 200 100 -0.7071067811865475 -0.7071067811865475 10.0
actors.Brick src/images/brick3.gif 80 30 300 100 -0.7071067811865475 -0.7071067811865475 10.0
actors.Brick src/images/brick4.gif 80 30 400 100 -0.7071067811865475 -0.7071067811865475 10.0
actors.Brick src/images/brick5.gif 80 30 500 100 -0.7071067811865475 -0.7071067811865475 10.0
actors.Brick src/images/brick6.gif 80 30 600 100 -0.7071067811865475 -0.7071067811865475 10.0
actors.Brick src/images/brick7.gif 80 30 700 100 -0.7071067811865475 -0.7071067811865475 10.0
actors.Brick src/images/brick8.gif 80 30 800 100 -0.7071067811865475 -0.7071067811865475 10.0
actors.BottomWall src/images/brick3.gif 960 16 480 666 -0.7071067811865475 -0.7071067811865475 10.0
update
actors.Ball src/images/ball.gif 16 16 440 410 -0.7071067811865475 -0.7071067811865475 10.0
actors.Paddle src/images/paddle.gif 80 16 580 600 -0.7071067811865475 -0.7071067811865475 10.0
actors.Brick src/images/brick1.gif 80 30 100 100 -0.7071067811865475 -0.7071067811865475 10.0
actors.Brick src/images/brick2.gif 80 30 200 100 -0.7071067811865475 -0.7071067811865475 10.0
actors.Brick src/images/brick3.gif 80 30 300 100 -0.7071067811865475 -0.7071067811865475 10.0
actors.Brick src/images/brick4.gif 80 30 400 100 -0.7071067811865475 -0.7071067811865475 10.0
actors.Brick src/images/brick5.gif 80 30 500 100 -0.7071067811865475 -0.7071067811865475 10.0
actors.Brick src/images/brick6.gif 80 30 600 100 -0.7071067811865475 -0.7071067811865475 10.0
actors.Brick src/images/brick7.gif 80 30 700 100 -0.7071067811865475 -0.7071067811865475 10.0
actors.Brick src/images/brick8.gif 80 30 800 100 -0.7071067811865475 -0.7071067811865475 10.0
actors.BottomWall src/images/brick3.gif 960 16 480 666 -0.7071067811865475 -0.7071067811865475 10.0
update
actors.Ball src/images/ball.gif 16 16 432 402 -0.7071067811865475 -0.7071067811865475 10.0
actors.Paddle src/images/paddle.gif 80 16 580 600 -0.7071067811865475 -0.7071067811865475 10.0
actors.Brick src/images/brick1.gif 80 30 100 100 -0.7071067811865475 -0.7071067811865475 10.0
actors.Brick src/images/brick2.gif 80 30 200 100 -0.7071067811865475 -0.7071067811865475 10.0
actors.Brick src/images/brick3.gif 80 30 300 100 -0.7071067811865475 -0.7071067811865475 10.0
actors.Brick src/images/brick4.gif 80 30 400 100 -0.7071067811865475 -0.7071067811865475 10.0
actors.Brick src/images/brick5.gif 80 30 500 100 -0.7071067811865475 -0.7071067811865475 10.0
actors.Brick src/images/brick6.gif 80 30 600 100 -0.7071067811865475 -0.7071067811865475 10.0
actors.Brick src/images/brick7.gif 80 30 700 100 -0.7071067811865475 -0.7071067811865475 10.0
actors.Brick src/images/brick8.gif 80 30 800 100 -0.7071067811865475 -0.7071067811865475 10.0
actors.BottomWall src/images/brick3.gif 960 16 480 666 -0.7071067811865475 -0.7071067811865475 10.0
update
actors.Ball src/images/ball.gif 16 16 424 394 -0.7071067811865475 -0.7071067811865475 10.0
actors.Paddle src/images/paddle.gif 80 16 580 600 -0.7071067811865475 -0.7071067811865475 10.0
actors.Brick src/images/brick1.gif 80 30 100 100 -0.7071067811865475 -0.7071067811865475 10.0
actors.Brick src/images/brick2.gif 80 30 200 100 -0.7071067811865475 -0.7071067811865475 10.0
actors.Brick src/images/brick3.gif 80 30 300 100 -0.7071067811865475 -0.7071067811865475 10.0
actors.Brick src/images/brick4.gif 80 30 400 100 -0.7071067811865475 -0.7071067811865475 10.0
actors.Brick src/images/brick5.gif 80 30 500 100 -0.7071067811865475 -0.7071067811865475 10.0
actors.Brick src/images/brick6.gif 80 30 600 100 -0.7071067811865475 -0.7071067811865475 10.0
actors.Brick src/images/brick7.gif 80 30 700 100 -0.7071067811865475 -0.7071067811865475 10.0
actors.Brick src/images/brick8.gif 80 30 800 100 -0.7071067811865475 -0.7071067811865475 10.0
actors.BottomWall src/images/brick3.gif 960 16 480 666 -0.7071067811865475 -0.7071067811865475 10.0
update
actors.Ball src/images/ball.gif 16 16 416 386 -0.7071067811865475 -0.7071067811865475 10.0
actors.Paddle src/images/paddle.gif 80 16 580 600 -0.7071067811865475 -0.7071067811865475 10.0
actors.Brick src/images/brick1.gif 80 30 100 100 -0.7071067811865475 -0.7071067811865475 10.0
actors.Brick src/images/brick2.gif 80 30 200 100 -0.7071067811865475 -0.7071067811865475 10.0
actors.Brick src/images/brick3.gif 80 30 300 100 -0.7071067811865475 -0.7071067811865475 10.0
actors.Brick src/images/brick4.gif 80 30 400 100 -0.7071067811865475 -0.7071067811865475 10.0
actors.Brick src/images/brick5.gif 80 30 500 100 -0.7071067811865475 -0.7071067811865475 10.0
actors.Brick src/images/brick6.gif 80 30 600 100 -0.7071067811865475 -0.7071067811865475 10.0
actors.Brick src/images/brick7.gif 80 30 700 100 -0.7071067811865475 -0.7071067811865475 10.0
actors.Brick src/images/brick8.gif 80 30 800 100 -0.7071067811865475 -0.7071067811865475 10.0
actors.BottomWall src/images/brick3.gif 960 16 480 666 -0.7071067811865475 -0.7071067811865475 10.0
update
actors.Ball src/images/ball.gif 16 16 408 378 -0.7071067811865475 -0.7071067811865475 10.0
actors.Paddle src/images/paddle.gif 80 16 580 600 -0.7071067811865475 -0.7071067811865475 10.0
actors.Brick src/images/brick1.gif 80 30 100 100 -0.7071067811865475 -0.7071067811865475 10.0
actors.Brick src/images/brick2.gif 80 30 200 100 -0.7071067811865475 -0.7071067811865475 10.0
actors.Brick src/images/brick3.gif 80 30 300 100 -0.7071067811865475 -0.7071067811865475 10.0
actors.Brick src/images/brick4.gif 80 30 400 100 -0.7071067811865475 -0.7071067811865475 10.0
actors.Brick src/images/brick5.gif 80 30 500 100 -0.7071067811865475 -0.7071067811865475 10.0
actors.Brick src/images/brick6.gif 80 30 600 100 -0.7071067811865475 -0.7071067811865475 10.0
actors.Brick src/images/brick7.gif 80 30 700 100 -0.7071067811865475 -0.7071067811865475 10.0
actors.Brick src/images/brick8.gif 80 30 800 100 -0.7071067811865475 -0.7071067811865475 10.0
actors.BottomWall src/images/brick3.gif 960 16 480 666 -0.7071067811865475 -0.7071067811865475 10.0
update
actors.Ball src/images/ball.gif 16 16 400 370 -0.7071067811865475 -0.7071067811865475 10.0
actors.Paddle src/images/paddle.gif 80 16 580 600 -0.7071067811865475 -0.7071067811865475 10.0
actors.Brick src/images/brick1.gif 80 30 100 100 -0.7071067811865475 -0.7071067811865475 10.0
actors.Brick src/images/brick2.gif 80 30 200 100 -0.7071067811865475 -0.7071067811865475 10.0
actors.Brick src/images/brick3.gif 80 30 300 100 -0.7071067811865475 -0.7071067811865475 10.0
actors.Brick src/images/brick4.gif 80 30 400 100 -0.7071067811865475 -0.7071067811865475 10.0
actors.Brick src/images/brick5.gif 80 30 500 100 -0.7071067811865475 -0.7071067811865475 10.0
actors.Brick src/images/brick6.gif 80 30 600 100 -0.7071067811865475 -0.7071067811865475 10.0
actors.Brick src/images/brick7.gif 80 30 700 100 -0.7071067811865475 -0.7071067811865475 10.0
actors.Brick src/images/brick8.gif 80 30 800 100 -0.7071067811865475 -0.7071067811865475 10.0
actors.BottomWall src/images/brick3.gif 960 16 480 666 -0.7071067811865475 -0.7071067811865475 10.0
update
actors.Ball src/images/ball.gif 16 16 392 362 -0.7071067811865475 -0.7071067811865475 10.0
actors.Paddle src/images/paddle.gif 80 16 580 600 -0.7071067811865475 -0.7071067811865475 10.0
actors.Brick src/images/brick1.gif 80 30 100 100 -0.7071067811865475 -0.7071067811865475 10.0
actors.Brick src/images/brick2.gif 80 30 200 100 -0.7071067811865475 -0.7071067811865475 10.0
actors.Brick src/images/brick3.gif 80 30 300 100 -0.7071067811865475 -0.7071067811865475 10.0
actors.Brick src/images/brick4.gif 80 30 400 100 -0.7071067811865475 -0.7071067811865475 10.0
actors.Brick src/images/brick5.gif 80 30 500 100 -0.7071067811865475 -0.7071067811865475 10.0
actors.Brick src/images/brick6.gif 80 30 600 100 -0.7071067811865475 -0.7071067811865475 10.0
actors.Brick src/images/brick7.gif 80 30 700 100 -0.7071067811865475 -0.7071067811865475 10.0
actors.Brick src/images/brick8.gif 80 30 800 100 -0.7071067811865475 -0.7071067811865475 10.0
actors.BottomWall src/images/brick3.gif 960 16 480 666 -0.7071067811865475 -0.7071067811865475 10.0
update
actors.Ball src/images/ball.gif 16 16 384 354 -0.7071067811865475 -0.7071067811865475 10.0
actors.Paddle src/images/paddle.gif 80 16 580 600 -0.7071067811865475 -0.7071067811865475 10.0
actors.Brick src/images/brick1.gif 80 30 100 100 -0.7071067811865475 -0.7071067811865475 10.0
actors.Brick src/images/brick2.gif 80 30 200 100 -0.7071067811865475 -0.7071067811865475 10.0
actors.Brick src/images/brick3.gif 80 30 300 100 -0.7071067811865475 -0.7071067811865475 10.0
actors.Brick src/images/brick4.gif 80 30 400 100 -0.7071067811865475 -0.7071067811865475 10.0
actors.Brick src/images/brick5.gif 80 30 500 100 -0.7071067811865475 -0.7071067811865475 10.0
actors.Brick src/images/brick6.gif 80 30 600 100 -0.7071067811865475 -0.7071067811865475 10.0
actors.Brick src/images/brick7.gif 80 30 700 100 -0.7071067811865475 -0.7071067811865475 10.0
actors.Brick src/images/brick8.gif 80 30 800 100 -0.7071067811865475 -0.7071067811865475 10.0
actors.BottomWall src/images/brick3.gif 960 16 480 666 -0.7071067811865475 -0.7071067811865475 10.0
update
actors.Ball src/images/ball.gif 16 16 376 346 -0.7071067811865475 -0.7071067811865475 10.0
actors.Paddle src/images/paddle.gif 80 16 580 600 -0.7071067811865475 -0.7071067811865475 10.0
actors.Brick src/images/brick1.gif 80 30 100 100 -0.7071067811865475 -0.7071067811865475 10.0
actors.Brick src/images/brick2.gif 80 30 200 100 -0.7071067811865475 -0.7071067811865475 10.0
actors.Brick src/images/brick3.gif 80 30 300 100 -0.7071067811865475 -0.7071067811865475 10.0
actors.Brick src/images/brick4.gif 80 30 400 100 -0.7071067811865475 -0.7071067811865475 10.0
actors.Brick src/images/brick5.gif 80 30 500 100 -0.7071067811865475 -0.7071067811865475 10.0
actors.Brick src/images/brick6.gif 80 30 600 100 -0.7071067811865475 -0.7071067811865475 10.0
actors.Brick src/images/brick7.gif 80 30 700 100 -0.7071067811865475 -0.7071067811865475 10.0
actors.Brick src/images/brick8.gif 80 30 800 100 -0.7071067811865475 -0.7071067811865475 10.0
actors.BottomWall src/images/brick3.gif 960 16 480 666 -0.7071067811865475 -0.7071067811865475 10.0
update
actors.Ball src/images/ball.gif 16 16 368 338 -0.7071067811865475 -0.7071067811865475 10.0
actors.Paddle src/images/paddle.gif 80 16 580 600 -0.7071067811865475 -0.7071067811865475 10.0
actors.Brick src/images/brick1.gif 80 30 100 100 -0.7071067811865475 -0.7071067811865475 10.0
actors.Brick src/images/brick2.gif 80 30 200 100 -0.7071067811865475 -0.7071067811865475 10.0
actors.Brick src/images/brick3.gif 80 30 300 100 -0.7071067811865475 -0.7071067811865475 10.0
actors.Brick src/images/brick4.gif 80 30 400 100 -0.7071067811865475 -0.7071067811865475 10.0
actors.Brick src/images/brick5.gif 80 30 500 100 -0.7071067811865475 -0.7071067811865475 10.0
actors.Brick src/images/brick6.gif 80 30 600 100 -0.7071067811865475 -0.7071067811865475 10.0
actors.Brick src/images/brick7.gif 80 30 700 100 -0.7071067811865475 -0.7071067811865475 10.0
actors.Brick src/images/brick8.gif 80 30 800 100 -0.7071067811865475 -0.7071067811865475 10.0
actors.BottomWall src/images/brick3.gif 960 16 480 666 -0.7071067811865475 -0.7071067811865475 10.0
update
actors.Ball src/images/ball.gif 16 16 360 330 -0.7071067811865475 -0.7071067811865475 10.0
actors.Paddle src/images/paddle.gif 80 16 580 600 -0.7071067811865475 -0.7071067811865475 10.0
actors.Brick src/images/brick1.gif 80 30 100 100 -0.7071067811865475 -0.7071067811865475 10.0
actors.Brick src/images/brick2.gif 80 30 200 100 -0.7071067811865475 -0.7071067811865475 10.0
actors.Brick src/images/brick3.gif 80 30 300 100 -0.7071067811865475 -0.7071067811865475 10.0
actors.Brick src/images/brick4.gif 80 30 400 100 -0.7071067811865475 -0.7071067811865475 10.0
actors.Brick src/images/brick5.gif 80 30 500 100 -0.7071067811865475 -0.7071067811865475 10.0
actors.Brick src/images/brick6.gif 80 30 600 100 -0.7071067811865475 -0.7071067811865475 10.0
actors.Brick src/images/brick7.gif 80 30 700 100 -0.7071067811865475 -0.7071067811865475 10.0
actors.Brick src/images/brick8.gif 80 30 800 100 -0.7071067811865475 -0.7071067811865475 10.0
actors.BottomWall src/images/brick3.gif 960 16 480 666 -0.7071067811865475 -0.7071067811865475 10.0
update
actors.Ball src/images/ball.gif 16 16 352 322 -0.7071067811865475 -0.7071067811865475 10.0
actors.Paddle src/images/paddle.gif 80 16 580 600 -0.7071067811865475 -0.7071067811865475 10.0
actors.Brick src/images/brick1.gif 80 30 100 100 -0.7071067811865475 -0.7071067811865475 10.0
actors.Brick src/images/brick2.gif 80 30 200 100 -0.7071067811865475 -0.7071067811865475 10.0
actors.Brick src/images/brick3.gif 80 30 300 100 -0.7071067811865475 -0.7071067811865475 10.0
actors.Brick src/images/brick4.gif 80 30 400 100 -0.7071067811865475 -0.7071067811865475 10.0
actors.Brick src/images/brick5.gif 80 30 500 100 -0.7071067811865475 -0.7071067811865475 10.0
actors.Brick src/images/brick6.gif 80 30 600 100 -0.7071067811865475 -0.7071067811865475 10.0
actors.Brick src/images/brick7.gif 80 30 700 100 -0.7071067811865475 -0.7071067811865475 10.0
actors.Brick src/images/brick8.gif 80 30 800 100 -0.7071067811865475 -0.7071067811865475 10.0
actors.BottomWall src/images/brick3.gif 960 16 480 666 -0.7071067811865475 -0.7071067811865475 10.0
update
actors.Ball src/images/ball.gif 16 16 344 314 -0.7071067811865475 -0.7071067811865475 10.0
actors.Paddle src/images/paddle.gif 80 16 580 600 -0.7071067811865475 -0.7071067811865475 10.0
actors.Brick src/images/brick1.gif 80 30 100 100 -0.7071067811865475 -0.7071067811865475 10.0
actors.Brick src/images/brick2.gif 80 30 200 100 -0.7071067811865475 -0.7071067811865475 10.0
actors.Brick src/images/brick3.gif 80 30 300 100 -0.7071067811865475 -0.7071067811865475 10.0
actors.Brick src/images/brick4.gif 80 30 400 100 -0.7071067811865475 -0.7071067811865475 10.0
actors.Brick src/images/brick5.gif 80 30 500 100 -0.7071067811865475 -0.7071067811865475 10.0
actors.Brick src/images/brick6.gif 80 30 600 100 -0.7071067811865475 -0.7071067811865475 10.0
actors.Brick src/images/brick7.gif 80 30 700 100 -0.7071067811865475 -0.7071067811865475 10.0
actors.Brick src/images/brick8.gif 80 30 800 100 -0.7071067811865475 -0.7071067811865475 10.0
actors.BottomWall src/images/brick3.gif 960 16 480 666 -0.7071067811865475 -0.7071067811865475 10.0
update
actors.Ball src/images/ball.gif 16 16 336 306 -0.7071067811865475 -0.7071067811865475 10.0
actors.Paddle src/images/paddle.gif 80 16 580 600 -0.7071067811865475 -0.7071067811865475 10.0
actors.Brick src/images/brick1.gif 80 30 100 100 -0.7071067811865475 -0.7071067811865475 10.0
actors.Brick src/images/brick2.gif 80 30 200 100 -0.7071067811865475 -0.7071067811865475 10.0
actors.Brick src/images/brick3.gif 80 30 300 100 -0.7071067811865475 -0.7071067811865475 10.0
actors.Brick src/images/brick4.gif 80 30 400 100 -0.7071067811865475 -0.7071067811865475 10.0
actors.Brick src/images/brick5.gif 80 30 500 100 -0.7071067811865475 -0.7071067811865475 10.0
actors.Brick src/images/brick6.gif 80 30 600 100 -0.7071067811865475 -0.7071067811865475 10.0
actors.Brick src/images/brick7.gif 80 30 700 100 -0.7071067811865475 -0.7071067811865475 10.0
actors.Brick src/images/brick8.gif 80 30 800 100 -0.7071067811865475 -0.7071067811865475 10.0
actors.BottomWall src/images/brick3.gif 960 16 480 666 -0.7071067811865475 -0.7071067811865475 10.0
update
actors.Ball src/images/ball.gif 16 16 328 298 -0.7071067811865475 -0.7071067811865475 10.0
actors.Paddle src/images/paddle.gif 80 16 580 600 -0.7071067811865475 -0.7071067811865475 10.0
actors.Brick src/images/brick1.gif 80 30 100 100 -0.7071067811865475 -0.7071067811865475 10.0
actors.Brick src/images/brick2.gif 80 30 200 100 -0.7071067811865475 -0.7071067811865475 10.0
actors.Brick src/images/brick3.gif 80 30 300 100 -0.7071067811865475 -0.7071067811865475 10.0
actors.Brick src/images/brick4.gif 80 30 400 100 -0.7071067811865475 -0.7071067811865475 10.0
actors.Brick src/images/brick5.gif 80 30 500 100 -0.7071067811865475 -0.7071067811865475 10.0
actors.Brick src/images/brick6.gif 80 30 600 100 -0.7071067811865475 -0.7071067811865475 10.0
actors.Brick src/images/brick7.gif 80 30 700 100 -0.7071067811865475 -0.7071067811865475 10.0
actors.Brick src/images/brick8.gif 80 30 800 100 -0.7071067811865475 -0.7071067811865475 10.0
actors.BottomWall src/images/brick3.gif 960 16 480 666 -0.7071067811865475 -0.7071067811865475 10.0
update
actors.Ball src/images/ball.gif 16 16 320 290 -0.7071067811865475 -0.7071067811865475 10.0
actors.Paddle src/images/paddle.gif 80 16 580 600 -0.7071067811865475 -0.7071067811865475 10.0
actors.Brick src/images/brick1.gif 80 30 100 100 -0.7071067811865475 -0.7071067811865475 10.0
actors.Brick src/images/brick2.gif 80 30 200 100 -0.7071067811865475 -0.7071067811865475 10.0
actors.Brick src/images/brick3.gif 80 30 300 100 -0.7071067811865475 -0.7071067811865475 10.0
actors.Brick src/images/brick4.gif 80 30 400 100 -0.7071067811865475 -0.7071067811865475 10.0
actors.Brick src/images/brick5.gif 80 30 500 100 -0.7071067811865475 -0.7071067811865475 10.0
actors.Brick src/images/brick6.gif 80 30 600 100 -0.7071067811865475 -0.7071067811865475 10.0
actors.Brick src/images/brick7.gif 80 30 700 100 -0.7071067811865475 -0.7071067811865475 10.0
actors.Brick src/images/brick8.gif 80 30 800 100 -0.7071067811865475 -0.7071067811865475 10.0
actors.BottomWall src/images/brick3.gif 960 16 480 666 -0.7071067811865475 -0.7071067811865475 10.0
update
actors.Ball src/images/ball.gif 16 16 312 282 -0.7071067811865475 -0.7071067811865475 10.0
actors.Paddle src/images/paddle.gif 80 16 580 600 -0.7071067811865475 -0.7071067811865475 10.0
actors.Brick src/images/brick1.gif 80 30 100 100 -0.7071067811865475 -0.7071067811865475 10.0
actors.Brick src/images/brick2.gif 80 30 200 100 -0.7071067811865475 -0.7071067811865475 10.0
actors.Brick src/images/brick3.gif 80 30 300 100 -0.7071067811865475 -0.7071067811865475 10.0
actors.Brick src/images/brick4.gif 80 30 400 100 -0.7071067811865475 -0.7071067811865475 10.0
actors.Brick src/images/brick5.gif 80 30 500 100 -0.7071067811865475 -0.7071067811865475 10.0
actors.Brick src/images/brick6.gif 80 30 600 100 -0.7071067811865475 -0.7071067811865475 10.0
actors.Brick src/images/brick7.gif 80 30 700 100 -0.7071067811865475 -0.7071067811865475 10.0
actors.Brick src/images/brick8.gif 80 30 800 100 -0.7071067811865475 -0.7071067811865475 10.0
actors.BottomWall src/images/brick3.gif 960 16 480 666 -0.7071067811865475 -0.7071067811865475 10.0
update
actors.Ball src/images/ball.gif 16 16 304 274 -0.7071067811865475 -0.7071067811865475 10.0
actors.Paddle src/images/paddle.gif 80 16 580 600 -0.7071067811865475 -0.7071067811865475 10.0
actors.Brick src/images/brick1.gif 80 30 100 100 -0.7071067811865475 -0.7071067811865475 10.0
actors.Brick src/images/brick2.gif 80 30 200 100 -0.7071067811865475 -0.7071067811865475 10.0
actors.Brick src/images/brick3.gif 80 30 300 100 -0.7071067811865475 -0.7071067811865475 10.0
actors.Brick src/images/brick4.gif 80 30 400 100 -0.7071067811865475 -0.7071067811865475 10.0
actors.Brick src/images/brick5.gif 80 30 500 100 -0.7071067811865475 -0.7071067811865475 10.0
actors.Brick src/images/brick6.gif 80 30 600 100 -0.7071067811865475 -0.7071067811865475 10.0
actors.Brick src/images/brick7.gif 80 30 700 100 -0.7071067811865475 -0.7071067811865475 10.0
actors.Brick src/images/brick8.gif 80 30 800 100 -0.7071067811865475 -0.7071067811865475 10.0
actors.BottomWall src/images/brick3.gif 960 16 480 666 -0.7071067811865475 -0.7071067811865475 10.0
update
actors.Ball src/images/ball.gif 16 16 296 266 -0.7071067811865475 -0.7071067811865475 10.0
actors.Paddle src/images/paddle.gif 80 16 580 600 -0.7071067811865475 -0.7071067811865475 10.0
actors.Brick src/images/brick1.gif 80 30 100 100 -0.7071067811865475 -0.7071067811865475 10.0
actors.Brick src/images/brick2.gif 80 30 200 100 -0.7071067811865475 -0.7071067811865475 10.0
actors.Brick src/images/brick3.gif 80 30 300 100 -0.7071067811865475 -0.7071067811865475 10.0
actors.Brick src/images/brick4.gif 80 30 400 100 -0.7071067811865475 -0.7071067811865475 10.0
actors.Brick src/images/brick5.gif 80 30 500 100 -0.7071067811865475 -0.7071067811865475 10.0
actors.Brick src/images/brick6.gif 80 30 600 100 -0.7071067811865475 -0.7071067811865475 10.0
actors.Brick src/images/brick7.gif 80 30 700 100 -0.7071067811865475 -0.7071067811865475 10.0
actors.Brick src/images/brick8.gif 80 30 800 100 -0.7071067811865475 -0.7071067811865475 10.0
actors.BottomWall src/images/brick3.gif 960 16 480 666 -0.7071067811865475 -0.7071067811865475 10.0
update
actors.Ball src/images/ball.gif 16 16 288 258 -0.7071067811865475 -0.7071067811865475 10.0
actors.Paddle src/images/paddle.gif 80 16 580 600 -0.7071067811865475 -0.7071067811865475 10.0
actors.Brick src/images/brick1.gif 80 30 100 100 -0.7071067811865475 -0.7071067811865475 10.0
actors.Brick src/images/brick2.gif 80 30 200 100 -0.7071067811865475 -0.7071067811865475 10.0
actors.Brick src/images/brick3.gif 80 30 300 100 -0.7071067811865475 -0.7071067811865475 10.0
actors.Brick src/images/brick4.gif 80 30 400 100 -0.7071067811865475 -0.7071067811865475 10.0
actors.Brick src/images/brick5.gif 80 30 500 100 -0.7071067811865475 -0.7071067811865475 10.0
actors.Brick src/images/brick6.gif 80 30 600 100 -0.7071067811865475 -0.7071067811865475 10.0
actors.Brick src/images/brick7.gif 80 30 700 100 -0.7071067811865475 -0.7071067811865475 10.0
actors.Brick src/images/brick8.gif 80 30 800 100 -0.7071067811865475 -0.7071067811865475 10.0
actors.BottomWall src/images/brick3.gif 960 16 480 666 -0.7071067811865475 -0.7071067811865475 10.0
update
actors.Ball src/images/ball.gif 16 16 280 250 -0.7071067811865475 -0.7071067811865475 10.0
actors.Paddle src/images/paddle.gif 80 16 580 600 -0.7071067811865475 -0.7071067811865475 10.0
actors.Brick src/images/brick1.gif 80 30 100 100 -0.7071067811865475 -0.7071067811865475 10.0
actors.Brick src/images/brick2.gif 80 30 200 100 -0.7071067811865475 -0.7071067811865475 10.0
actors.Brick src/images/brick3.gif 80 30 300 100 -0.7071067811865475 -0.7071067811865475 10.0
actors.Brick src/images/brick4.gif 80 30 400 100 -0.7071067811865475 -0.7071067811865475 10.0
actors.Brick src/images/brick5.gif 80 30 500 100 -0.7071067811865475 -0.7071067811865475 10.0
actors.Brick src/images/brick6.gif 80 30 600 100 -0.7071067811865475 -0.7071067811865475 10.0
actors.Brick src/images/brick7.gif 80 30 700 100 -0.7071067811865475 -0.7071067811865475 10.0
actors.Brick src/images/brick8.gif 80 30 800 100 -0.7071067811865475 -0.7071067811865475 10.0
actors.BottomWall src/images/brick3.gif 960 16 480 666 -0.7071067811865475 -0.7071067811865475 10.0
update
actors.Ball src/images/ball.gif 16 16 272 242 -0.7071067811865475 -0.7071067811865475 10.0
actors.Paddle src/images/paddle.gif 80 16 580 600 -0.7071067811865475 -0.7071067811865475 10.0
actors.Brick src/images/brick1.gif 80 30 100 100 -0.7071067811865475 -0.7071067811865475 10.0
actors.Brick src/images/brick2.gif 80 30 200 100 -0.7071067811865475 -0.7071067811865475 10.0
actors.Brick src/images/brick3.gif 80 30 300 100 -0.7071067811865475 -0.7071067811865475 10.0
actors.Brick src/images/brick4.gif 80 30 400 100 -0.7071067811865475 -0.7071067811865475 10.0
actors.Brick src/images/brick5.gif 80 30 500 100 -0.7071067811865475 -0.7071067811865475 10.0
actors.Brick src/images/brick6.gif 80 30 600 100 -0.7071067811865475 -0.7071067811865475 10.0
actors.Brick src/images/brick7.gif 80 30 700 100 -0.7071067811865475 -0.7071067811865475 10.0
actors.Brick src/images/brick8.gif 80 30 800 100 -0.7071067811865475 -0.7071067811865475 10.0
actors.BottomWall src/images/brick3.gif 960 16 480 666 -0.7071067811865475 -0.7071067811865475 10.0
update
actors.Ball src/images/ball.gif 16 16 264 234 -0.7071067811865475 -0.7071067811865475 10.0
actors.Paddle src/images/paddle.gif 80 16 580 600 -0.7071067811865475 -0.7071067811865475 10.0
actors.Brick src/images/brick1.gif 80 30 100 100 -0.7071067811865475 -0.7071067811865475 10.0
actors.Brick src/images/brick2.gif 80 30 200 100 -0.7071067811865475 -0.7071067811865475 10.0
actors.Brick src/images/brick3.gif 80 30 300 100 -0.7071067811865475 -0.7071067811865475 10.0
actors.Brick src/images/brick4.gif 80 30 400 100 -0.7071067811865475 -0.7071067811865475 10.0
actors.Brick src/images/brick5.gif 80 30 500 100 -0.7071067811865475 -0.7071067811865475 10.0
actors.Brick src/images/brick6.gif 80 30 600 100 -0.7071067811865475 -0.7071067811865475 10.0
actors.Brick src/images/brick7.gif 80 30 700 100 -0.7071067811865475 -0.7071067811865475 10.0
actors.Brick src/images/brick8.gif 80 30 800 100 -0.7071067811865475 -0.7071067811865475 10.0
actors.BottomWall src/images/brick3.gif 960 16 480 666 -0.7071067811865475 -0.7071067811865475 10.0
update
actors.Ball src/images/ball.gif 16 16 256 226 -0.7071067811865475 -0.7071067811865475 10.0
actors.Paddle src/images/paddle.gif 80 16 580 600 -0.7071067811865475 -0.7071067811865475 10.0
actors.Brick src/images/brick1.gif 80 30 100 100 -0.7071067811865475 -0.7071067811865475 10.0
actors.Brick src/images/brick2.gif 80 30 200 100 -0.7071067811865475 -0.7071067811865475 10.0
actors.Brick src/images/brick3.gif 80 30 300 100 -0.7071067811865475 -0.7071067811865475 10.0
actors.Brick src/images/brick4.gif 80 30 400 100 -0.7071067811865475 -0.7071067811865475 10.0
actors.Brick src/images/brick5.gif 80 30 500 100 -0.7071067811865475 -0.7071067811865475 10.0
actors.Brick src/images/brick6.gif 80 30 600 100 -0.7071067811865475 -0.7071067811865475 10.0
actors.Brick src/images/brick7.gif 80 30 700 100 -0.7071067811865475 -0.7071067811865475 10.0
actors.Brick src/images/brick8.gif 80 30 800 100 -0.7071067811865475 -0.7071067811865475 10.0
actors.BottomWall src/images/brick3.gif 960 16 480 666 -0.7071067811865475 -0.7071067811865475 10.0
update
actors.Ball src/images/ball.gif 16 16 248 218 -0.7071067811865475 -0.7071067811865475 10.0
actors.Paddle src/images/paddle.gif 80 16 580 600 -0.7071067811865475 -0.7071067811865475 10.0
actors.Brick src/images/brick1.gif 80 30 100 100 -0.7071067811865475 -0.7071067811865475 10.0
actors.Brick src/images/brick2.gif 80 30 200 100 -0.7071067811865475 -0.7071067811865475 10.0
actors.Brick src/images/brick3.gif 80 30 300 100 -0.7071067811865475 -0.7071067811865475 10.0
actors.Brick src/images/brick4.gif 80 30 400 100 -0.7071067811865475 -0.7071067811865475 10.0
actors.Brick src/images/brick5.gif 80 30 500 100 -0.7071067811865475 -0.7071067811865475 10.0
actors.Brick src/images/brick6.gif 80 30 600 100 -0.7071067811865475 -0.7071067811865475 10.0
actors.Brick src/images/brick7.gif 80 30 700 100 -0.7071067811865475 -0.7071067811865475 10.0
actors.Brick src/images/brick8.gif 80 30 800 100 -0.7071067811865475 -0.7071067811865475 10.0
actors.BottomWall src/images/brick3.gif 960 16 480 666 -0.7071067811865475 -0.7071067811865475 10.0
update
actors.Ball src/images/ball.gif 16 16 240 210 -0.7071067811865475 -0.7071067811865475 10.0
actors.Paddle src/images/paddle.gif 80 16 580 600 -0.7071067811865475 -0.7071067811865475 10.0
actors.Brick src/images/brick1.gif 80 30 100 100 -0.7071067811865475 -0.7071067811865475 10.0
actors.Brick src/images/brick2.gif 80 30 200 100 -0.7071067811865475 -0.7071067811865475 10.0
actors.Brick src/images/brick3.gif 80 30 300 100 -0.7071067811865475 -0.7071067811865475 10.0
actors.Brick src/images/brick4.gif 80 30 400 100 -0.7071067811865475 -0.7071067811865475 10.0
actors.Brick src/images/brick5.gif 80 30 500 100 -0.7071067811865475 -0.7071067811865475 10.0
actors.Brick src/images/brick6.gif 80 30 600 100 -0.7071067811865475 -0.7071067811865475 10.0
actors.Brick src/images/brick7.gif 80 30 700 100 -0.7071067811865475 -0.7071067811865475 10.0
actors.Brick src/images/brick8.gif 80 30 800 100 -0.7071067811865475 -0.7071067811865475 10.0
actors.BottomWall src/images/brick3.gif 960 16 480 666 -0.7071067811865475 -0.7071067811865475 10.0
update
actors.Ball src/images/ball.gif 16 16 232 202 -0.7071067811865475 -0.7071067811865475 10.0
actors.Paddle src/images/paddle.gif 80 16 580 600 -0.7071067811865475 -0.7071067811865475 10.0
actors.Brick src/images/brick1.gif 80 30 100 100 -0.7071067811865475 -0.7071067811865475 10.0
actors.Brick src/images/brick2.gif 80 30 200 100 -0.7071067811865475 -0.7071067811865475 10.0
actors.Brick src/images/brick3.gif 80 30 300 100 -0.7071067811865475 -0.7071067811865475 10.0
actors.Brick src/images/brick4.gif 80 30 400 100 -0.7071067811865475 -0.7071067811865475 10.0
actors.Brick src/images/brick5.gif 80 30 500 100 -0.7071067811865475 -0.7071067811865475 10.0
actors.Brick src/images/brick6.gif 80 30 600 100 -0.7071067811865475 -0.7071067811865475 10.0
actors.Brick src/images/brick7.gif 80 30 700 100 -0.7071067811865475 -0.7071067811865475 10.0
actors.Brick src/images/brick8.gif 80 30 800 100 -0.7071067811865475 -0.7071067811865475 10.0
actors.BottomWall src/images/brick3.gif 960 16 480 666 -0.7071067811865475 -0.7071067811865475 10.0
update
actors.Ball src/images/ball.gif 16 16 224 194 -0.7071067811865475 -0.7071067811865475 10.0
actors.Paddle src/images/paddle.gif 80 16 580 600 -0.7071067811865475 -0.7071067811865475 10.0
actors.Brick src/images/brick1.gif 80 30 100 100 -0.7071067811865475 -0.7071067811865475 10.0
actors.Brick src/images/brick2.gif 80 30 200 100 -0.7071067811865475 -0.7071067811865475 10.0
actors.Brick src/images/brick3.gif 80 30 300 100 -0.7071067811865475 -0.7071067811865475 10.0
actors.Brick src/images/brick4.gif 80 30 400 100 -0.7071067811865475 -0.7071067811865475 10.0
actors.Brick src/images/brick5.gif 80 30 500 100 -0.7071067811865475 -0.7071067811865475 10.0
actors.Brick src/images/brick6.gif 80 30 600 100 -0.7071067811865475 -0.7071067811865475 10.0
actors.Brick src/images/brick7.gif 80 30 700 100 -0.7071067811865475 -0.7071067811865475 10.0
actors.Brick src/images/brick8.gif 80 30 800 100 -0.7071067811865475 -0.7071067811865475 10.0
actors.BottomWall src/images/brick3.gif 960 16 480 666 -0.7071067811865475 -0.7071067811865475 10.0
update
actors.Ball src/images/ball.gif 16 16 216 186 -0.7071067811865475 -0.7071067811865475 10.0
actors.Paddle src/images/paddle.gif 80 16 580 600 -0.7071067811865475 -0.7071067811865475 10.0
actors.Brick src/images/brick1.gif 80 30 100 100 -0.7071067811865475 -0.7071067811865475 10.0
actors.Brick src/images/brick2.gif 80 30 200 100 -0.7071067811865475 -0.7071067811865475 10.0
actors.Brick src/images/brick3.gif 80 30 300 100 -0.7071067811865475 -0.7071067811865475 10.0
actors.Brick src/images/brick4.gif 80 30 400 100 -0.7071067811865475 -0.7071067811865475 10.0
actors.Brick src/images/brick5.gif 80 30 500 100 -0.7071067811865475 -0.7071067811865475 10.0
actors.Brick src/images/brick6.gif 80 30 600 100 -0.7071067811865475 -0.7071067811865475 10.0
actors.Brick src/images/brick7.gif 80 30 700 100 -0.7071067811865475 -0.7071067811865475 10.0
actors.Brick src/images/brick8.gif 80 30 800 100 -0.7071067811865475 -0.7071067811865475 10.0
actors.BottomWall src/images/brick3.gif 960 16 480 666 -0.7071067811865475 -0.7071067811865475 10.0
update
actors.Ball src/images/ball.gif 16 16 208 178 -0.7071067811865475 -0.7071067811865475 10.0
actors.Paddle src/images/paddle.gif 80 16 580 600 -0.7071067811865475 -0.7071067811865475 10.0
actors.Brick src/images/brick1.gif 80 30 100 100 -0.7071067811865475 -0.7071067811865475 10.0
actors.Brick src/images/brick2.gif 80 30 200 100 -0.7071067811865475 -0.7071067811865475 10.0
actors.Brick src/images/brick3.gif 80 30 300 100 -0.7071067811865475 -0.7071067811865475 10.0
actors.Brick src/images/brick4.gif 80 30 400 100 -0.7071067811865475 -0.7071067811865475 10.0
actors.Brick src/images/brick5.gif 80 30 500 100 -0.7071067811865475 -0.7071067811865475 10.0
actors.Brick src/images/brick6.gif 80 30 600 100 -0.7071067811865475 -0.7071067811865475 10.0
actors.Brick src/images/brick7.gif 80 30 700 100 -0.7071067811865475 -0.7071067811865475 10.0
actors.Brick src/images/brick8.gif 80 30 800 100 -0.7071067811865475 -0.7071067811865475 10.0
actors.BottomWall src/images/brick3.gif 960 16 480 666 -0.7071067811865475 -0.7071067811865475 10.0
update
actors.Ball src/images/ball.gif 16 16 200 170 -0.7071067811865475 -0.7071067811865475 10.0
actors.Paddle src/images/paddle.gif 80 16 580 600 -0.7071067811865475 -0.7071067811865475 10.0
actors.Brick src/images/brick1.gif 80 30 100 100 -0.7071067811865475 -0.7071067811865475 10.0
actors.Brick src/images/brick2.gif 80 30 200 100 -0.7071067811865475 -0.7071067811865475 10.0
actors.Brick src/images/brick3.gif 80 30 300 100 -0.7071067811865475 -0.7071067811865475 10.0
actors.Brick src/images/brick4.gif 80 30 400 100 -0.7071067811865475 -0.7071067811865475 10.0
actors.Brick src/images/brick5.gif 80 30 500 100 -0.7071067811865475 -0.7071067811865475 10.0
actors.Brick src/images/brick6.gif 80 30 600 100 -0.7071067811865475 -0.7071067811865475 10.0
actors.Brick src/images/brick7.gif 80 30 700 100 -0.7071067811865475 -0.7071067811865475 10.0
actors.Brick src/images/brick8.gif 80 30 800 100 -0.7071067811865475 -0.7071067811865475 10.0
actors.BottomWall src/images/brick3.gif 960 16 480 666 -0.7071067811865475 -0.7071067811865475 10.0
update
actors.Ball src/images/ball.gif 16 16 192 162 -0.7071067811865475 -0.7071067811865475 10.0
actors.Paddle src/images/paddle.gif 80 16 580 600 -0.7071067811865475 -0.7071067811865475 10.0
actors.Brick src/images/brick1.gif 80 30 100 100 -0.7071067811865475 -0.7071067811865475 10.0
actors.Brick src/images/brick2.gif 80 30 200 100 -0.7071067811865475 -0.7071067811865475 10.0
actors.Brick src/images/brick3.gif 80 30 300 100 -0.7071067811865475 -0.7071067811865475 10.0
actors.Brick src/images/brick4.gif 80 30 400 100 -0.7071067811865475 -0.7071067811865475 10.0
actors.Brick src/images/brick5.gif 80 30 500 100 -0.7071067811865475 -0.7071067811865475 10.0
actors.Brick src/images/brick6.gif 80 30 600 100 -0.7071067811865475 -0.7071067811865475 10.0
actors.Brick src/images/brick7.gif 80 30 700 100 -0.7071067811865475 -0.7071067811865475 10.0
actors.Brick src/images/brick8.gif 80 30 800 100 -0.7071067811865475 -0.7071067811865475 10.0
actors.BottomWall src/images/brick3.gif 960 16 480 666 -0.7071067811865475 -0.7071067811865475 10.0
update
actors.Ball src/images/ball.gif 16 16 184 154 -0.7071067811865475 -0.7071067811865475 10.0
actors.Paddle src/images/paddle.gif 80 16 580 600 -0.7071067811865475 -0.7071067811865475 10.0
actors.Brick src/images/brick1.gif 80 30 100 100 -0.7071067811865475 -0.7071067811865475 10.0
actors.Brick src/images/brick2.gif 80 30 200 100 -0.7071067811865475 -0.7071067811865475 10.0
actors.Brick src/images/brick3.gif 80 30 300 100 -0.7071067811865475 -0.7071067811865475 10.0
actors.Brick src/images/brick4.gif 80 30 400 100 -0.7071067811865475 -0.7071067811865475 10.0
actors.Brick src/images/brick5.gif 80 30 500 100 -0.7071067811865475 -0.7071067811865475 10.0
actors.Brick src/images/brick6.gif 80 30 600 100 -0.7071067811865475 -0.7071067811865475 10.0
actors.Brick src/images/brick7.gif 80 30 700 100 -0.7071067811865475 -0.7071067811865475 10.0
actors.Brick src/images/brick8.gif 80 30 800 100 -0.7071067811865475 -0.7071067811865475 10.0
actors.BottomWall src/images/brick3.gif 960 16 480 666 -0.7071067811865475 -0.7071067811865475 10.0
update
actors.Ball src/images/ball.gif 16 16 176 146 -0.7071067811865475 -0.7071067811865475 10.0
actors.Paddle src/images/paddle.gif 80 16 580 600 -0.7071067811865475 -0.7071067811865475 10.0
actors.Brick src/images/brick1.gif 80 30 100 100 -0.7071067811865475 -0.7071067811865475 10.0
actors.Brick src/images/brick2.gif 80 30 200 100 -0.7071067811865475 -0.7071067811865475 10.0
actors.Brick src/images/brick3.gif 80 30 300 100 -0.7071067811865475 -0.7071067811865475 10.0
actors.Brick src/images/brick4.gif 80 30 400 100 -0.7071067811865475 -0.7071067811865475 10.0
actors.Brick src/images/brick5.gif 80 30 500 100 -0.7071067811865475 -0.7071067811865475 10.0
actors.Brick src/images/brick6.gif 80 30 600 100 -0.7071067811865475 -0.7071067811865475 10.0
actors.Brick src/images/brick7.gif 80 30 700 100 -0.7071067811865475 -0.7071067811865475 10.0
actors.Brick src/images/brick8.gif 80 30 800 100 -0.7071067811865475 -0.7071067811865475 10.0
actors.BottomWall src/images/brick3.gif 960 16 480 666 -0.7071067811865475 -0.7071067811865475 10.0
update
actors.Ball src/images/ball.gif 16 16 168 138 -0.7071067811865475 -0.7071067811865475 10.0
actors.Paddle src/images/paddle.gif 80 16 580 600 -0.7071067811865475 -0.7071067811865475 10.0
actors.Brick src/images/brick1.gif 80 30 100 100 -0.7071067811865475 -0.7071067811865475 10.0
actors.Brick src/images/brick2.gif 80 30 200 100 -0.7071067811865475 -0.7071067811865475 10.0
actors.Brick src/images/brick3.gif 80 30 300 100 -0.7071067811865475 -0.7071067811865475 10.0
actors.Brick src/images/brick4.gif 80 30 400 100 -0.7071067811865475 -0.7071067811865475 10.0
actors.Brick src/images/brick5.gif 80 30 500 100 -0.7071067811865475 -0.7071067811865475 10.0
actors.Brick src/images/brick6.gif 80 30 600 100 -0.7071067811865475 -0.7071067811865475 10.0
actors.Brick src/images/brick7.gif 80 30 700 100 -0.7071067811865475 -0.7071067811865475 10.0
actors.Brick src/images/brick8.gif 80 30 800 100 -0.7071067811865475 -0.7071067811865475 10.0
actors.BottomWall src/images/brick3.gif 960 16 480 666 -0.7071067811865475 -0.7071067811865475 10.0
update
actors.Ball src/images/ball.gif 16 16 160 130 -0.7071067811865475 -0.7071067811865475 10.0
actors.Paddle src/images/paddle.gif 80 16 580 600 -0.7071067811865475 -0.7071067811865475 10.0
actors.Brick src/images/brick1.gif 80 30 100 100 -0.7071067811865475 -0.7071067811865475 10.0
actors.Brick src/images/brick2.gif 80 30 200 100 -0.7071067811865475 -0.7071067811865475 10.0
actors.Brick src/images/brick3.gif 80 30 300 100 -0.7071067811865475 -0.7071067811865475 10.0
actors.Brick src/images/brick4.gif 80 30 400 100 -0.7071067811865475 -0.7071067811865475 10.0
actors.Brick src/images/brick5.gif 80 30 500 100 -0.7071067811865475 -0.7071067811865475 10.0
actors.Brick src/images/brick6.gif 80 30 600 100 -0.7071067811865475 -0.7071067811865475 10.0
actors.Brick src/images/brick7.gif 80 30 700 100 -0.7071067811865475 -0.7071067811865475 10.0
actors.Brick src/images/brick8.gif 80 30 800 100 -0.7071067811865475 -0.7071067811865475 10.0
actors.BottomWall src/images/brick3.gif 960 16 480 666 -0.7071067811865475 -0.7071067811865475 10.0
update
actors.Ball src/images/ball.gif 16 16 152 122 -0.7071067811865475 -0.7071067811865475 10.0
actors.Paddle src/images/paddle.gif 80 16 580 600 -0.7071067811865475 -0.7071067811865475 10.0
actors.Brick src/images/brick1.gif 80 30 100 100 -0.7071067811865475 -0.7071067811865475 10.0
actors.Brick src/images/brick2.gif 80 30 200 100 -0.7071067811865475 -0.7071067811865475 10.0
actors.Brick src/images/brick3.gif 80 30 300 100 -0.7071067811865475 -0.7071067811865475 10.0
actors.Brick src/images/brick4.gif 80 30 400 100 -0.7071067811865475 -0.7071067811865475 10.0
actors.Brick src/images/brick5.gif 80 30 500 100 -0.7071067811865475 -0.7071067811865475 10.0
actors.Brick src/images/brick6.gif 80 30 600 100 -0.7071067811865475 -0.7071067811865475 10.0
actors.Brick src/images/brick7.gif 80 30 700 100 -0.7071067811865475 -0.7071067811865475 10.0
actors.Brick src/images/brick8.gif 80 30 800 100 -0.7071067811865475 -0.7071067811865475 10.0
actors.BottomWall src/images/brick3.gif 960 16 480 666 -0.7071067811865475 -0.7071067811865475 10.0
update
actors.Ball src/images/ball.gif 16 16 151 106 0.7071067811865476 -0.7071067811865476 10.0
actors.Paddle src/images/paddle.gif 80 16 580 600 -0.7071067811865475 -0.7071067811865475 10.0
actors.Brick src/images/brick1.gif 80 30 100 100 -0.7071067811865475 -0.7071067811865475 10.0
actors.Brick src/images/brick2.gif 80 30 200 100 -0.7071067811865475 -0.7071067811865475 10.0
actors.Brick src/images/brick3.gif 80 30 300 100 -0.7071067811865475 -0.7071067811865475 10.0
actors.Brick src/images/brick4.gif 80 30 400 100 -0.7071067811865475 -0.7071067811865475 10.0
actors.Brick src/images/brick5.gif 80 30 500 100 -0.7071067811865475 -0.7071067811865475 10.0
actors.Brick src/images/brick6.gif 80 30 600 100 -0.7071067811865475 -0.7071067811865475 10.0
actors.Brick src/images/brick7.gif 80 30 700 100 -0.7071067811865475 -0.7071067811865475 10.0
actors.Brick src/images/brick8.gif 80 30 800 100 -0.7071067811865475 -0.7071067811865475 10.0
actors.BottomWall src/images/brick3.gif 960 16 480 666 -0.7071067811865475 -0.7071067811865475 10.0
update
actors.Ball src/images/ball.gif 16 16 150 90 -0.7071067811865476 -0.7071067811865476 10.0
actors.Paddle src/images/paddle.gif 80 16 580 600 -0.7071067811865475 -0.7071067811865475 10.0
actors.Brick src/images/brick1.gif 80 30 100 100 -0.7071067811865475 -0.7071067811865475 10.0
actors.Brick src/images/brick2.gif 80 30 200 100 -0.7071067811865475 -0.7071067811865475 10.0
actors.Brick src/images/brick3.gif 80 30 300 100 -0.7071067811865475 -0.7071067811865475 10.0
actors.Brick src/images/brick4.gif 80 30 400 100 -0.7071067811865475 -0.7071067811865475 10.0
actors.Brick src/images/brick5.gif 80 30 500 100 -0.7071067811865475 -0.7071067811865475 10.0
actors.Brick src/images/brick6.gif 80 30 600 100 -0.7071067811865475 -0.7071067811865475 10.0
actors.Brick src/images/brick7.gif 80 30 700 100 -0.7071067811865475 -0.7071067811865475 10.0
actors.Brick src/images/brick8.gif 80 30 800 100 -0.7071067811865475 -0.7071067811865475 10.0
actors.BottomWall src/images/brick3.gif 960 16 480 666 -0.7071067811865475 -0.7071067811865475 10.0
update
actors.Ball src/images/ball.gif 16 16 142 82 -0.7071067811865476 -0.7071067811865476 10.0
actors.Paddle src/images/paddle.gif 80 16 580 600 -0.7071067811865475 -0.7071067811865475 10.0
actors.Brick src/images/brick1.gif 80 30 100 100 -0.7071067811865475 -0.7071067811865475 10.0
actors.Brick src/images/brick2.gif 80 30 200 100 -0.7071067811865475 -0.7071067811865475 10.0
actors.Brick src/images/brick3.gif 80 30 300 100 -0.7071067811865475 -0.7071067811865475 10.0
actors.Brick src/images/brick4.gif 80 30 400 100 -0.7071067811865475 -0.7071067811865475 10.0
actors.Brick src/images/brick5.gif 80 30 500 100 -0.7071067811865475 -0.7071067811865475 10.0
actors.Brick src/images/brick6.gif 80 30 600 100 -0.7071067811865475 -0.7071067811865475 10.0
actors.Brick src/images/brick7.gif 80 30 700 100 -0.7071067811865475 -0.7071067811865475 10.0
actors.Brick src/images/brick8.gif 80 30 800 100 -0.7071067811865475 -0.7071067811865475 10.0
actors.BottomWall src/images/brick3.gif 960 16 480 666 -0.7071067811865475 -0.7071067811865475 10.0
update
actors.Ball src/images/ball.gif 16 16 134 74 -0.7071067811865476 -0.7071067811865476 10.0
actors.Paddle src/images/paddle.gif 80 16 580 600 -0.7071067811865475 -0.7071067811865475 10.0
actors.Brick src/images/brick1.gif 80 30 100 100 -0.7071067811865475 -0.7071067811865475 10.0
actors.Brick src/images/brick2.gif 80 30 200 100 -0.7071067811865475 -0.7071067811865475 10.0
actors.Brick src/images/brick3.gif 80 30 300 100 -0.7071067811865475 -0.7071067811865475 10.0
actors.Brick src/images/brick4.gif 80 30 400 100 -0.7071067811865475 -0.7071067811865475 10.0
actors.Brick src/images/brick5.gif 80 30 500 100 -0.7071067811865475 -0.7071067811865475 10.0
actors.Brick src/images/brick6.gif 80 30 600 100 -0.7071067811865475 -0.7071067811865475 10.0
actors.Brick src/images/brick7.gif 80 30 700 100 -0.7071067811865475 -0.7071067811865475 10.0
actors.Brick src/images/brick8.gif 80 30 800 100 -0.7071067811865475 -0.7071067811865475 10.0
actors.BottomWall src/images/brick3.gif 960 16 480 666 -0.7071067811865475 -0.7071067811865475 10.0
update
actors.Ball src/images/ball.gif 16 16 126 66 -0.7071067811865476 -0.7071067811865476 10.0
actors.Paddle src/images/paddle.gif 80 16 580 600 -0.7071067811865475 -0.7071067811865475 10.0
actors.Brick src/images/brick1.gif 80 30 100 100 -0.7071067811865475 -0.7071067811865475 10.0
actors.Brick src/images/brick2.gif 80 30 200 100 -0.7071067811865475 -0.7071067811865475 10.0
actors.Brick src/images/brick3.gif 80 30 300 100 -0.7071067811865475 -0.7071067811865475 10.0
actors.Brick src/images/brick4.gif 80 30 400 100 -0.7071067811865475 -0.7071067811865475 10.0
actors.Brick src/images/brick5.gif 80 30 500 100 -0.7071067811865475 -0.7071067811865475 10.0
actors.Brick src/images/brick6.gif 80 30 600 100 -0.7071067811865475 -0.7071067811865475 10.0
actors.Brick src/images/brick7.gif 80 30 700 100 -0.7071067811865475 -0.7071067811865475 10.0
actors.Brick src/images/brick8.gif 80 30 800 100 -0.7071067811865475 -0.7071067811865475 10.0
actors.BottomWall src/images/brick3.gif 960 16 480 666 -0.7071067811865475 -0.7071067811865475 10.0
update
actors.Ball src/images/ball.gif 16 16 118 58 -0.7071067811865476 -0.7071067811865476 10.0
actors.Paddle src/images/paddle.gif 80 16 580 600 -0.7071067811865475 -0.7071067811865475 10.0
actors.Brick src/images/brick1.gif 80 30 100 100 -0.7071067811865475 -0.7071067811865475 10.0
actors.Brick src/images/brick2.gif 80 30 200 100 -0.7071067811865475 -0.7071067811865475 10.0
actors.Brick src/images/brick3.gif 80 30 300 100 -0.7071067811865475 -0.7071067811865475 10.0
actors.Brick src/images/brick4.gif 80 30 400 100 -0.7071067811865475 -0.7071067811865475 10.0
actors.Brick src/images/brick5.gif 80 30 500 100 -0.7071067811865475 -0.7071067811865475 10.0
actors.Brick src/images/brick6.gif 80 30 600 100 -0.7071067811865475 -0.7071067811865475 10.0
actors.Brick src/images/brick7.gif 80 30 700 100 -0.7071067811865475 -0.7071067811865475 10.0
actors.Brick src/images/brick8.gif 80 30 800 100 -0.7071067811865475 -0.7071067811865475 10.0
actors.BottomWall src/images/brick3.gif 960 16 480 666 -0.7071067811865475 -0.7071067811865475 10.0
update
actors.Ball src/images/ball.gif 16 16 110 50 -0.7071067811865476 -0.7071067811865476 10.0
actors.Paddle src/images/paddle.gif 80 16 580 600 -0.7071067811865475 -0.7071067811865475 10.0
actors.Brick src/images/brick1.gif 80 30 100 100 -0.7071067811865475 -0.7071067811865475 10.0
actors.Brick src/images/brick2.gif 80 30 200 100 -0.7071067811865475 -0.7071067811865475 10.0
actors.Brick src/images/brick3.gif 80 30 300 100 -0.7071067811865475 -0.7071067811865475 10.0
actors.Brick src/images/brick4.gif 80 30 400 100 -0.7071067811865475 -0.7071067811865475 10.0
actors.Brick src/images/brick5.gif 80 30 500 100 -0.7071067811865475 -0.7071067811865475 10.0
actors.Brick src/images/brick6.gif 80 30 600 100 -0.7071067811865475 -0.7071067811865475 10.0
actors.Brick src/images/brick7.gif 80 30 700 100 -0.7071067811865475 -0.7071067811865475 10.0
actors.Brick src/images/brick8.gif 80 30 800 100 -0.7071067811865475 -0.7071067811865475 10.0
actors.BottomWall src/images/brick3.gif 960 16 480 666 -0.7071067811865475 -0.7071067811865475 10.0
update
actors.Ball src/images/ball.gif 16 16 102 42 -0.7071067811865476 -0.7071067811865476 10.0
actors.Paddle src/images/paddle.gif 80 16 580 600 -0.7071067811865475 -0.7071067811865475 10.0
actors.Brick src/images/brick1.gif 80 30 100 100 -0.7071067811865475 -0.7071067811865475 10.0
actors.Brick src/images/brick2.gif 80 30 200 100 -0.7071067811865475 -0.7071067811865475 10.0
actors.Brick src/images/brick3.gif 80 30 300 100 -0.7071067811865475 -0.7071067811865475 10.0
actors.Brick src/images/brick4.gif 80 30 400 100 -0.7071067811865475 -0.7071067811865475 10.0
actors.Brick src/images/brick5.gif 80 30 500 100 -0.7071067811865475 -0.7071067811865475 10.0
actors.Brick src/images/brick6.gif 80 30 600 100 -0.7071067811865475 -0.7071067811865475 10.0
actors.Brick src/images/brick7.gif 80 30 700 100 -0.7071067811865475 -0.7071067811865475 10.0
actors.Brick src/images/brick8.gif 80 30 800 100 -0.7071067811865475 -0.7071067811865475 10.0
actors.BottomWall src/images/brick3.gif 960 16 480 666 -0.7071067811865475 -0.7071067811865475 10.0
update
actors.Ball src/images/ball.gif 16 16 94 34 -0.7071067811865476 -0.7071067811865476 10.0
actors.Paddle src/images/paddle.gif 80 16 580 600 -0.7071067811865475 -0.7071067811865475 10.0
actors.Brick src/images/brick1.gif 80 30 100 100 -0.7071067811865475 -0.7071067811865475 10.0
actors.Brick src/images/brick2.gif 80 30 200 100 -0.7071067811865475 -0.7071067811865475 10.0
actors.Brick src/images/brick3.gif 80 30 300 100 -0.7071067811865475 -0.7071067811865475 10.0
actors.Brick src/images/brick4.gif 80 30 400 100 -0.7071067811865475 -0.7071067811865475 10.0
actors.Brick src/images/brick5.gif 80 30 500 100 -0.7071067811865475 -0.7071067811865475 10.0
actors.Brick src/images/brick6.gif 80 30 600 100 -0.7071067811865475 -0.7071067811865475 10.0
actors.Brick src/images/brick7.gif 80 30 700 100 -0.7071067811865475 -0.7071067811865475 10.0
actors.Brick src/images/brick8.gif 80 30 800 100 -0.7071067811865475 -0.7071067811865475 10.0
actors.BottomWall src/images/brick3.gif 960 16 480 666 -0.7071067811865475 -0.7071067811865475 10.0
update
actors.Ball src/images/ball.gif 16 16 86 26 -0.7071067811865476 -0.7071067811865476 10.0
actors.Paddle src/images/paddle.gif 80 16 580 600 -0.7071067811865475 -0.7071067811865475 10.0
actors.Brick src/images/brick1.gif 80 30 100 100 -0.7071067811865475 -0.7071067811865475 10.0
actors.Brick src/images/brick2.gif 80 30 200 100 -0.7071067811865475 -0.7071067811865475 10.0
actors.Brick src/images/brick3.gif 80 30 300 100 -0.7071067811865475 -0.7071067811865475 10.0
actors.Brick src/images/brick4.gif 80 30 400 100 -0.7071067811865475 -0.7071067811865475 10.0
actors.Brick src/images/brick5.gif 80 30 500 100 -0.7071067811865475 -0.7071067811865475 10.0
actors.Brick src/images/brick6.gif 80 30 600 100 -0.7071067811865475 -0.7071067811865475 10.0
actors.Brick src/images/brick7.gif 80 30 700 100 -0.7071067811865475 -0.7071067811865475 10.0
actors.Brick src/images/brick8.gif 80 30 800 100 -0.7071067811865475 -0.7071067811865475 10.0
actors.BottomWall src/images/brick3.gif 960 16 480 666 -0.7071067811865475 -0.7071067811865475 10.0
update
actors.Ball src/images/ball.gif 16 16 78 18 -0.7071067811865476 -0.7071067811865476 10.0
actors.Paddle src/images/paddle.gif 80 16 580 600 -0.7071067811865475 -0.7071067811865475 10.0
actors.Brick src/images/brick1.gif 80 30 100 100 -0.7071067811865475 -0.7071067811865475 10.0
actors.Brick src/images/brick2.gif 80 30 200 100 -0.7071067811865475 -0.7071067811865475 10.0
actors.Brick src/images/brick3.gif 80 30 300 100 -0.7071067811865475 -0.7071067811865475 10.0
actors.Brick src/images/brick4.gif 80 30 400 100 -0.7071067811865475 -0.7071067811865475 10.0
actors.Brick src/images/brick5.gif 80 30 500 100 -0.7071067811865475 -0.7071067811865475 10.0
actors.Brick src/images/brick6.gif 80 30 600 100 -0.7071067811865475 -0.7071067811865475 10.0
actors.Brick src/images/brick7.gif 80 30 700 100 -0.7071067811865475 -0.7071067811865475 10.0
actors.Brick src/images/brick8.gif 80 30 800 100 -0.7071067811865475 -0.7071067811865475 10.0
actors.BottomWall src/images/brick3.gif 960 16 480 666 -0.7071067811865475 -0.7071067811865475 10.0
update
actors.Ball src/images/ball.gif 16 16 62 17 -0.7071067811865476 0.7071067811865476 10.0
actors.Paddle src/images/paddle.gif 80 16 580 600 -0.7071067811865475 -0.7071067811865475 10.0
actors.Brick src/images/brick1.gif 80 30 100 100 -0.7071067811865475 -0.7071067811865475 10.0
actors.Brick src/images/brick2.gif 80 30 200 100 -0.7071067811865475 -0.7071067811865475 10.0
actors.Brick src/images/brick3.gif 80 30 300 100 -0.7071067811865475 -0.7071067811865475 10.0
actors.Brick src/images/brick4.gif 80 30 400 100 -0.7071067811865475 -0.7071067811865475 10.0
actors.Brick src/images/brick5.gif 80 30 500 100 -0.7071067811865475 -0.7071067811865475 10.0
actors.Brick src/images/brick6.gif 80 30 600 100 -0.7071067811865475 -0.7071067811865475 10.0
actors.Brick src/images/brick7.gif 80 30 700 100 -0.7071067811865475 -0.7071067811865475 10.0
actors.Brick src/images/brick8.gif 80 30 800 100 -0.7071067811865475 -0.7071067811865475 10.0
actors.BottomWall src/images/brick3.gif 960 16 480 666 -0.7071067811865475 -0.7071067811865475 10.0
update
actors.Ball src/images/ball.gif 16 16 54 24 -0.7071067811865476 0.7071067811865476 10.0
actors.Paddle src/images/paddle.gif 80 16 580 600 -0.7071067811865475 -0.7071067811865475 10.0
actors.Brick src/images/brick1.gif 80 30 100 100 -0.7071067811865475 -0.7071067811865475 10.0
actors.Brick src/images/brick2.gif 80 30 200 100 -0.7071067811865475 -0.7071067811865475 10.0
actors.Brick src/images/brick3.gif 80 30 300 100 -0.7071067811865475 -0.7071067811865475 10.0
actors.Brick src/images/brick4.gif 80 30 400 100 -0.7071067811865475 -0.7071067811865475 10.0
actors.Brick src/images/brick5.gif 80 30 500 100 -0.7071067811865475 -0.7071067811865475 10.0
actors.Brick src/images/brick6.gif 80 30 600 100 -0.7071067811865475 -0.7071067811865475 10.0
actors.Brick src/images/brick7.gif 80 30 700 100 -0.7071067811865475 -0.7071067811865475 10.0
actors.Brick src/images/brick8.gif 80 30 800 100 -0.7071067811865475 -0.7071067811865475 10.0
actors.BottomWall src/images/brick3.gif 960 16 480 666 -0.7071067811865475 -0.7071067811865475 10.0
update
actors.Ball src/images/ball.gif 16 16 46 31 -0.7071067811865476 0.7071067811865476 10.0
actors.Paddle src/images/paddle.gif 80 16 580 600 -0.7071067811865475 -0.7071067811865475 10.0
actors.Brick src/images/brick1.gif 80 30 100 100 -0.7071067811865475 -0.7071067811865475 10.0
actors.Brick src/images/brick2.gif 80 30 200 100 -0.7071067811865475 -0.7071067811865475 10.0
actors.Brick src/images/brick3.gif 80 30 300 100 -0.7071067811865475 -0.7071067811865475 10.0
actors.Brick src/images/brick4.gif 80 30 400 100 -0.7071067811865475 -0.7071067811865475 10.0
actors.Brick src/images/brick5.gif 80 30 500 100 -0.7071067811865475 -0.7071067811865475 10.0
actors.Brick src/images/brick6.gif 80 30 600 100 -0.7071067811865475 -0.7071067811865475 10.0
actors.Brick src/images/brick7.gif 80 30 700 100 -0.7071067811865475 -0.7071067811865475 10.0
actors.Brick src/images/brick8.gif 80 30 800 100 -0.7071067811865475 -0.7071067811865475 10.0
actors.BottomWall src/images/brick3.gif 960 16 480 666 -0.7071067811865475 -0.7071067811865475 10.0
