actors.Ball src/images/ball.gif 16 16 480 450 -0.7071067811865475 -0.7071067811865475 10.0
actors.Paddle src/images/paddle.gif 80 16 580 600 0.7071067811865475 0.7071067811865475 0.0
actors.Brick src/images/brick1.gif 80 30 100 100 0.7071067811865475 0.7071067811865475 0.0
actors.Brick src/images/brick2.gif 80 30 200 100 0.7071067811865475 0.7071067811865475 0.0
actors.Brick src/images/brick3.gif 80 30 300 100 0.7071067811865475 0.7071067811865475 0.0
actors.Brick src/images/brick4.gif 80 30 400 100 0.7071067811865475 0.7071067811865475 0.0
actors.Brick src/images/brick5.gif 80 30 500 100 0.7071067811865475 0.7071067811865475 0.0
actors.Brick src/images/brick6.gif 80 30 600 100 0.7071067811865475 0.7071067811865475 0.0
actors.Brick src/images/brick7.gif 80 30 700 100 0.7071067811865475 0.7071067811865475 0.0
actors.Brick src/images/brick8.gif 80 30 800 100 0.7071067811865475 0.7071067811865475 0.0
actors.Ball src\resources\2150_lightning.jpg 20 20 690 288 -0.7071067811865475 -0.7071067811865475 10.0
actors.Ball src\resources\2150_lightning.jpg 20 20 462 248 -0.7071067811865475 -0.7071067811865475 10.0
actors.BottomWall src/images/brick3.gif 960 16 480 666 0.7071067811865475 0.7071067811865475 0.0
update
actors.Ball src/images/ball.gif 16 16 472 442 -0.7071067811865475 -0.7071067811865475 10.0
actors.Paddle src/images/paddle.gif 80 16 580 600 0.7071067811865475 0.7071067811865475 0.0
actors.Brick src/images/brick1.gif 80 30 100 100 0.7071067811865475 0.7071067811865475 0.0
actors.Brick src/images/brick2.gif 80 30 200 100 0.7071067811865475 0.7071067811865475 0.0
actors.Brick src/images/brick3.gif 80 30 300 100 0.7071067811865475 0.7071067811865475 0.0
actors.Brick src/images/brick4.gif 80 30 400 100 0.7071067811865475 0.7071067811865475 0.0
actors.Brick src/images/brick5.gif 80 30 500 100 0.7071067811865475 0.7071067811865475 0.0
actors.Brick src/images/brick6.gif 80 30 600 100 0.7071067811865475 0.7071067811865475 0.0
actors.Brick src/images/brick7.gif 80 30 700 100 0.7071067811865475 0.7071067811865475 0.0
actors.Brick src/images/brick8.gif 80 30 800 100 0.7071067811865475 0.7071067811865475 0.0
actors.Ball src\resources\2150_lightning.jpg 20 20 682 280 -0.7071067811865475 -0.7071067811865475 10.0
actors.Ball src\resources\2150_lightning.jpg 20 20 454 240 -0.7071067811865475 -0.7071067811865475 10.0
actors.BottomWall src/images/brick3.gif 960 16 480 666 0.7071067811865475 0.7071067811865475 0.0
update
actors.Ball src/images/ball.gif 16 16 464 434 -0.7071067811865475 -0.7071067811865475 10.0
actors.Paddle src/images/paddle.gif 80 16 580 600 0.7071067811865475 0.7071067811865475 0.0
actors.Brick src/images/brick1.gif 80 30 100 100 0.7071067811865475 0.7071067811865475 0.0
actors.Brick src/images/brick2.gif 80 30 200 100 0.7071067811865475 0.7071067811865475 0.0
actors.Brick src/images/brick3.gif 80 30 300 100 0.7071067811865475 0.7071067811865475 0.0
actors.Brick src/images/brick4.gif 80 30 400 100 0.7071067811865475 0.7071067811865475 0.0
actors.Brick src/images/brick5.gif 80 30 500 100 0.7071067811865475 0.7071067811865475 0.0
actors.Brick src/images/brick6.gif 80 30 600 100 0.7071067811865475 0.7071067811865475 0.0
actors.Brick src/images/brick7.gif 80 30 700 100 0.7071067811865475 0.7071067811865475 0.0
actors.Brick src/images/brick8.gif 80 30 800 100 0.7071067811865475 0.7071067811865475 0.0
actors.Ball src\resources\2150_lightning.jpg 20 20 674 272 -0.7071067811865475 -0.7071067811865475 10.0
actors.Ball src\resources\2150_lightning.jpg 20 20 446 232 -0.7071067811865475 -0.7071067811865475 10.0
actors.BottomWall src/images/brick3.gif 960 16 480 666 0.7071067811865475 0.7071067811865475 0.0
update
actors.Ball src/images/ball.gif 16 16 456 426 -0.7071067811865475 -0.7071067811865475 10.0
actors.Paddle src/images/paddle.gif 80 16 580 600 0.7071067811865475 0.7071067811865475 0.0
actors.Brick src/images/brick1.gif 80 30 100 100 0.7071067811865475 0.7071067811865475 0.0
actors.Brick src/images/brick2.gif 80 30 200 100 0.7071067811865475 0.7071067811865475 0.0
actors.Brick src/images/brick3.gif 80 30 300 100 0.7071067811865475 0.7071067811865475 0.0
actors.Brick src/images/brick4.gif 80 30 400 100 0.7071067811865475 0.7071067811865475 0.0
actors.Brick src/images/brick5.gif 80 30 500 100 0.7071067811865475 0.7071067811865475 0.0
actors.Brick src/images/brick6.gif 80 30 600 100 0.7071067811865475 0.7071067811865475 0.0
actors.Brick src/images/brick7.gif 80 30 700 100 0.7071067811865475 0.7071067811865475 0.0
actors.Brick src/images/brick8.gif 80 30 800 100 0.7071067811865475 0.7071067811865475 0.0
actors.Ball src\resources\2150_lightning.jpg 20 20 666 264 -0.7071067811865475 -0.7071067811865475 10.0
actors.Ball src\resources\2150_lightning.jpg 20 20 438 224 -0.7071067811865475 -0.7071067811865475 10.0
actors.BottomWall src/images/brick3.gif 960 16 480 666 0.7071067811865475 0.7071067811865475 0.0
update
actors.Ball src/images/ball.gif 16 16 448 418 -0.7071067811865475 -0.7071067811865475 10.0
actors.Paddle src/images/paddle.gif 80 16 580 600 0.7071067811865475 0.7071067811865475 0.0
actors.Brick src/images/brick1.gif 80 30 100 100 0.7071067811865475 0.7071067811865475 0.0
actors.Brick src/images/brick2.gif 80 30 200 100 0.7071067811865475 0.7071067811865475 0.0
actors.Brick src/images/brick3.gif 80 30 300 100 0.7071067811865475 0.7071067811865475 0.0
actors.Brick src/images/brick4.gif 80 30 400 100 0.7071067811865475 0.7071067811865475 0.0
actors.Brick src/images/brick5.gif 80 30 500 100 0.7071067811865475 0.7071067811865475 0.0
actors.Brick src/images/brick6.gif 80 30 600 100 0.7071067811865475 0.7071067811865475 0.0
actors.Brick src/images/brick7.gif 80 30 700 100 0.7071067811865475 0.7071067811865475 0.0
actors.Brick src/images/brick8.gif 80 30 800 100 0.7071067811865475 0.7071067811865475 0.0
actors.Ball src\resources\2150_lightning.jpg 20 20 658 256 -0.7071067811865475 -0.7071067811865475 10.0
actors.Ball src\resources\2150_lightning.jpg 20 20 430 216 -0.7071067811865475 -0.7071067811865475 10.0
actors.BottomWall src/images/brick3.gif 960 16 480 666 0.7071067811865475 0.7071067811865475 0.0
update
actors.Ball src/images/ball.gif 16 16 440 410 -0.7071067811865475 -0.7071067811865475 10.0
actors.Paddle src/images/paddle.gif 80 16 580 600 0.7071067811865475 0.7071067811865475 0.0
actors.Brick src/images/brick1.gif 80 30 100 100 0.7071067811865475 0.7071067811865475 0.0
actors.Brick src/images/brick2.gif 80 30 200 100 0.7071067811865475 0.7071067811865475 0.0
actors.Brick src/images/brick3.gif 80 30 300 100 0.7071067811865475 0.7071067811865475 0.0
actors.Brick src/images/brick4.gif 80 30 400 100 0.7071067811865475 0.7071067811865475 0.0
actors.Brick src/images/brick5.gif 80 30 500 100 0.7071067811865475 0.7071067811865475 0.0
actors.Brick src/images/brick6.gif 80 30 600 100 0.7071067811865475 0.7071067811865475 0.0
actors.Brick src/images/brick7.gif 80 30 700 100 0.7071067811865475 0.7071067811865475 0.0
actors.Brick src/images/brick8.gif 80 30 800 100 0.7071067811865475 0.7071067811865475 0.0
actors.Ball src\resources\2150_lightning.jpg 20 20 650 248 -0.7071067811865475 -0.7071067811865475 10.0
actors.Ball src\resources\2150_lightning.jpg 20 20 422 208 -0.7071067811865475 -0.7071067811865475 10.0
actors.BottomWall src/images/brick3.gif 960 16 480 666 0.7071067811865475 0.7071067811865475 0.0
update
actors.Ball src/images/ball.gif 16 16 432 402 -0.7071067811865475 -0.7071067811865475 10.0
actors.Paddle src/images/paddle.gif 80 16 580 600 0.7071067811865475 0.7071067811865475 0.0
actors.Brick src/images/brick1.gif 80 30 100 100 0.7071067811865475 0.7071067811865475 0.0
actors.Brick src/images/brick2.gif 80 30 200 100 0.7071067811865475 0.7071067811865475 0.0
actors.Brick src/images/brick3.gif 80 30 300 100 0.7071067811865475 0.7071067811865475 0.0
actors.Brick src/images/brick4.gif 80 30 400 100 0.7071067811865475 0.7071067811865475 0.0
actors.Brick src/images/brick5.gif 80 30 500 100 0.7071067811865475 0.7071067811865475 0.0
actors.Brick src/images/brick6.gif 80 30 600 100 0.7071067811865475 0.7071067811865475 0.0
actors.Brick src/images/brick7.gif 80 30 700 100 0.7071067811865475 0.7071067811865475 0.0
actors.Brick src/images/brick8.gif 80 30 800 100 0.7071067811865475 0.7071067811865475 0.0
actors.Ball src\resources\2150_lightning.jpg 20 20 642 240 -0.7071067811865475 -0.7071067811865475 10.0
actors.Ball src\resources\2150_lightning.jpg 20 20 414 200 -0.7071067811865475 -0.7071067811865475 10.0
actors.BottomWall src/images/brick3.gif 960 16 480 666 0.7071067811865475 0.7071067811865475 0.0
update
actors.Ball src/images/ball.gif 16 16 424 394 -0.7071067811865475 -0.7071067811865475 10.0
actors.Paddle src/images/paddle.gif 80 16 580 600 0.7071067811865475 0.7071067811865475 0.0
actors.Brick src/images/brick1.gif 80 30 100 100 0.7071067811865475 0.7071067811865475 0.0
actors.Brick src/images/brick2.gif 80 30 200 100 0.7071067811865475 0.7071067811865475 0.0
actors.Brick src/images/brick3.gif 80 30 300 100 0.7071067811865475 0.7071067811865475 0.0
actors.Brick src/images/brick4.gif 80 30 400 100 0.7071067811865475 0.7071067811865475 0.0
actors.Brick src/images/brick5.gif 80 30 500 100 0.7071067811865475 0.7071067811865475 0.0
actors.Brick src/images/brick6.gif 80 30 600 100 0.7071067811865475 0.7071067811865475 0.0
actors.Brick src/images/brick7.gif 80 30 700 100 0.7071067811865475 0.7071067811865475 0.0
actors.Brick src/images/brick8.gif 80 30 800 100 0.7071067811865475 0.7071067811865475 0.0
actors.Ball src\resources\2150_lightning.jpg 20 20 634 232 -0.7071067811865475 -0.7071067811865475 10.0
actors.Ball src\resources\2150_lightning.jpg 20 20 406 192 -0.7071067811865475 -0.7071067811865475 10.0
actors.BottomWall src/images/brick3.gif 960 16 480 666 0.7071067811865475 0.7071067811865475 0.0
update
actors.Ball src/images/ball.gif 16 16 416 386 -0.7071067811865475 -0.7071067811865475 10.0
actors.Paddle src/images/paddle.gif 80 16 580 600 0.7071067811865475 0.7071067811865475 0.0
actors.Brick src/images/brick1.gif 80 30 100 100 0.7071067811865475 0.7071067811865475 0.0
actors.Brick src/images/brick2.gif 80 30 200 100 0.7071067811865475 0.7071067811865475 0.0
actors.Brick src/images/brick3.gif 80 30 300 100 0.7071067811865475 0.7071067811865475 0.0
actors.Brick src/images/brick4.gif 80 30 400 100 0.7071067811865475 0.7071067811865475 0.0
actors.Brick src/images/brick5.gif 80 30 500 100 0.7071067811865475 0.7071067811865475 0.0
actors.Brick src/images/brick6.gif 80 30 600 100 0.7071067811865475 0.7071067811865475 0.0
actors.Brick src/images/brick7.gif 80 30 700 100 0.7071067811865475 0.7071067811865475 0.0
actors.Brick src/images/brick8.gif 80 30 800 100 0.7071067811865475 0.7071067811865475 0.0
actors.Ball src\resources\2150_lightning.jpg 20 20 626 224 -0.7071067811865475 -0.7071067811865475 10.0
actors.Ball src\resources\2150_lightning.jpg 20 20 398 184 -0.7071067811865475 -0.7071067811865475 10.0
actors.BottomWall src/images/brick3.gif 960 16 480 666 0.7071067811865475 0.7071067811865475 0.0
update
actors.Ball src/images/ball.gif 16 16 408 378 -0.7071067811865475 -0.7071067811865475 10.0
actors.Paddle src/images/paddle.gif 80 16 580 600 0.7071067811865475 0.7071067811865475 0.0
actors.Brick src/images/brick1.gif 80 30 100 100 0.7071067811865475 0.7071067811865475 0.0
actors.Brick src/images/brick2.gif 80 30 200 100 0.7071067811865475 0.7071067811865475 0.0
actors.Brick src/images/brick3.gif 80 30 300 100 0.7071067811865475 0.7071067811865475 0.0
actors.Brick src/images/brick4.gif 80 30 400 100 0.7071067811865475 0.7071067811865475 0.0
actors.Brick src/images/brick5.gif 80 30 500 100 0.7071067811865475 0.7071067811865475 0.0
actors.Brick src/images/brick6.gif 80 30 600 100 0.7071067811865475 0.7071067811865475 0.0
actors.Brick src/images/brick7.gif 80 30 700 100 0.7071067811865475 0.7071067811865475 0.0
actors.Brick src/images/brick8.gif 80 30 800 100 0.7071067811865475 0.7071067811865475 0.0
actors.Ball src\resources\2150_lightning.jpg 20 20 618 216 -0.7071067811865475 -0.7071067811865475 10.0
actors.Ball src\resources\2150_lightning.jpg 20 20 390 176 -0.7071067811865475 -0.7071067811865475 10.0
actors.BottomWall src/images/brick3.gif 960 16 480 666 0.7071067811865475 0.7071067811865475 0.0
update
actors.Ball src/images/ball.gif 16 16 400 370 -0.7071067811865475 -0.7071067811865475 10.0
actors.Paddle src/images/paddle.gif 80 16 580 600 0.7071067811865475 0.7071067811865475 0.0
actors.Brick src/images/brick1.gif 80 30 100 100 0.7071067811865475 0.7071067811865475 0.0
actors.Brick src/images/brick2.gif 80 30 200 100 0.7071067811865475 0.7071067811865475 0.0
actors.Brick src/images/brick3.gif 80 30 300 100 0.7071067811865475 0.7071067811865475 0.0
actors.Brick src/images/brick4.gif 80 30 400 100 0.7071067811865475 0.7071067811865475 0.0
actors.Brick src/images/brick5.gif 80 30 500 100 0.7071067811865475 0.7071067811865475 0.0
actors.Brick src/images/brick6.gif 80 30 600 100 0.7071067811865475 0.7071067811865475 0.0
actors.Brick src/images/brick7.gif 80 30 700 100 0.7071067811865475 0.7071067811865475 0.0
actors.Brick src/images/brick8.gif 80 30 800 100 0.7071067811865475 0.7071067811865475 0.0
actors.Ball src\resources\2150_lightning.jpg 20 20 610 208 -0.7071067811865475 -0.7071067811865475 10.0
actors.Ball src\resources\2150_lightning.jpg 20 20 382 168 -0.7071067811865475 -0.7071067811865475 10.0
actors.BottomWall src/images/brick3.gif 960 16 480 666 0.7071067811865475 0.7071067811865475 0.0
update
actors.Ball src/images/ball.gif 16 16 392 362 -0.7071067811865475 -0.7071067811865475 10.0
actors.Paddle src/images/paddle.gif 80 16 580 600 0.7071067811865475 0.7071067811865475 0.0
actors.Brick src/images/brick1.gif 80 30 100 100 0.7071067811865475 0.7071067811865475 0.0
actors.Brick src/images/brick2.gif 80 30 200 100 0.7071067811865475 0.7071067811865475 0.0
actors.Brick src/images/brick3.gif 80 30 300 100 0.7071067811865475 0.7071067811865475 0.0
actors.Brick src/images/brick4.gif 80 30 400 100 0.7071067811865475 0.7071067811865475 0.0
actors.Brick src/images/brick5.gif 80 30 500 100 0.7071067811865475 0.7071067811865475 0.0
actors.Brick src/images/brick6.gif 80 30 600 100 0.7071067811865475 0.7071067811865475 0.0
actors.Brick src/images/brick7.gif 80 30 700 100 0.7071067811865475 0.7071067811865475 0.0
actors.Brick src/images/brick8.gif 80 30 800 100 0.7071067811865475 0.7071067811865475 0.0
actors.Ball src\resources\2150_lightning.jpg 20 20 602 200 -0.7071067811865475 -0.7071067811865475 10.0
actors.Ball src\resources\2150_lightning.jpg 20 20 374 160 -0.7071067811865475 -0.7071067811865475 10.0
actors.BottomWall src/images/brick3.gif 960 16 480 666 0.7071067811865475 0.7071067811865475 0.0
update
actors.Ball src/images/ball.gif 16 16 384 354 -0.7071067811865475 -0.7071067811865475 10.0
actors.Paddle src/images/paddle.gif 80 16 580 600 0.7071067811865475 0.7071067811865475 0.0
actors.Brick src/images/brick1.gif 80 30 100 100 0.7071067811865475 0.7071067811865475 0.0
actors.Brick src/images/brick2.gif 80 30 200 100 0.7071067811865475 0.7071067811865475 0.0
actors.Brick src/images/brick3.gif 80 30 300 100 0.7071067811865475 0.7071067811865475 0.0
actors.Brick src/images/brick4.gif 80 30 400 100 0.7071067811865475 0.7071067811865475 0.0
actors.Brick src/images/brick5.gif 80 30 500 100 0.7071067811865475 0.7071067811865475 0.0
actors.Brick src/images/brick6.gif 80 30 600 100 0.7071067811865475 0.7071067811865475 0.0
actors.Brick src/images/brick7.gif 80 30 700 100 0.7071067811865475 0.7071067811865475 0.0
actors.Brick src/images/brick8.gif 80 30 800 100 0.7071067811865475 0.7071067811865475 0.0
actors.Ball src\resources\2150_lightning.jpg 20 20 594 192 -0.7071067811865475 -0.7071067811865475 10.0
actors.Ball src\resources\2150_lightning.jpg 20 20 366 152 -0.7071067811865475 -0.7071067811865475 10.0
actors.BottomWall src/images/brick3.gif 960 16 480 666 0.7071067811865475 0.7071067811865475 0.0
update
actors.Ball src/images/ball.gif 16 16 376 346 -0.7071067811865475 -0.7071067811865475 10.0
actors.Paddle src/images/paddle.gif 80 16 580 600 0.7071067811865475 0.7071067811865475 0.0
actors.Brick src/images/brick1.gif 80 30 100 100 0.7071067811865475 0.7071067811865475 0.0
actors.Brick src/images/brick2.gif 80 30 200 100 0.7071067811865475 0.7071067811865475 0.0
actors.Brick src/images/brick3.gif 80 30 300 100 0.7071067811865475 0.7071067811865475 0.0
actors.Brick src/images/brick4.gif 80 30 400 100 0.7071067811865475 0.7071067811865475 0.0
actors.Brick src/images/brick5.gif 80 30 500 100 0.7071067811865475 0.7071067811865475 0.0
actors.Brick src/images/brick6.gif 80 30 600 100 0.7071067811865475 0.7071067811865475 0.0
actors.Brick src/images/brick7.gif 80 30 700 100 0.7071067811865475 0.7071067811865475 0.0
actors.Brick src/images/brick8.gif 80 30 800 100 0.7071067811865475 0.7071067811865475 0.0
actors.Ball src\resources\2150_lightning.jpg 20 20 586 184 -0.7071067811865475 -0.7071067811865475 10.0
actors.Ball src\resources\2150_lightning.jpg 20 20 358 144 -0.7071067811865475 -0.7071067811865475 10.0
actors.BottomWall src/images/brick3.gif 960 16 480 666 0.7071067811865475 0.7071067811865475 0.0
update
actors.Ball src/images/ball.gif 16 16 368 338 -0.7071067811865475 -0.7071067811865475 10.0
actors.Paddle src/images/paddle.gif 80 16 580 600 0.7071067811865475 0.7071067811865475 0.0
actors.Brick src/images/brick1.gif 80 30 100 100 0.7071067811865475 0.7071067811865475 0.0
actors.Brick src/images/brick2.gif 80 30 200 100 0.7071067811865475 0.7071067811865475 0.0
actors.Brick src/images/brick3.gif 80 30 300 100 0.7071067811865475 0.7071067811865475 0.0
actors.Brick src/images/brick4.gif 80 30 400 100 0.7071067811865475 0.7071067811865475 0.0
actors.Brick src/images/brick5.gif 80 30 500 100 0.7071067811865475 0.7071067811865475 0.0
actors.Brick src/images/brick6.gif 80 30 600 100 0.7071067811865475 0.7071067811865475 0.0
actors.Brick src/images/brick7.gif 80 30 700 100 0.7071067811865475 0.7071067811865475 0.0
actors.Brick src/images/brick8.gif 80 30 800 100 0.7071067811865475 0.7071067811865475 0.0
actors.Ball src\resources\2150_lightning.jpg 20 20 578 176 -0.7071067811865475 -0.7071067811865475 10.0
actors.Ball src\resources\2150_lightning.jpg 20 20 350 136 -0.7071067811865475 -0.7071067811865475 10.0
actors.BottomWall src/images/brick3.gif 960 16 480 666 0.7071067811865475 0.7071067811865475 0.0
update
actors.Ball src/images/ball.gif 16 16 360 330 -0.7071067811865475 -0.7071067811865475 10.0
actors.Paddle src/images/paddle.gif 80 16 580 600 0.7071067811865475 0.7071067811865475 0.0
actors.Brick src/images/brick1.gif 80 30 100 100 0.7071067811865475 0.7071067811865475 0.0
actors.Brick src/images/brick2.gif 80 30 200 100 0.7071067811865475 0.7071067811865475 0.0
actors.Brick src/images/brick3.gif 80 30 300 100 0.7071067811865475 0.7071067811865475 0.0
actors.Brick src/images/brick4.gif 80 30 400 100 0.7071067811865475 0.7071067811865475 0.0
actors.Brick src/images/brick5.gif 80 30 500 100 0.7071067811865475 0.7071067811865475 0.0
actors.Brick src/images/brick6.gif 80 30 600 100 0.7071067811865475 0.7071067811865475 0.0
actors.Brick src/images/brick7.gif 80 30 700 100 0.7071067811865475 0.7071067811865475 0.0
actors.Brick src/images/brick8.gif 80 30 800 100 0.7071067811865475 0.7071067811865475 0.0
actors.Ball src\resources\2150_lightning.jpg 20 20 570 168 -0.7071067811865475 -0.7071067811865475 10.0
actors.Ball src\resources\2150_lightning.jpg 20 20 342 128 -0.7071067811865475 -0.7071067811865475 10.0
actors.BottomWall src/images/brick3.gif 960 16 480 666 0.7071067811865475 0.7071067811865475 0.0
update
actors.Ball src/images/ball.gif 16 16 352 322 -0.7071067811865475 -0.7071067811865475 10.0
actors.Paddle src/images/paddle.gif 80 16 580 600 0.7071067811865475 0.7071067811865475 0.0
actors.Brick src/images/brick1.gif 80 30 100 100 0.7071067811865475 0.7071067811865475 0.0
actors.Brick src/images/brick2.gif 80 30 200 100 0.7071067811865475 0.7071067811865475 0.0
actors.Brick src/images/brick4.gif 80 30 400 100 0.7071067811865475 0.7071067811865475 0.0
actors.Brick src/images/brick5.gif 80 30 500 100 0.7071067811865475 0.7071067811865475 0.0
actors.Brick src/images/brick6.gif 80 30 600 100 0.7071067811865475 0.7071067811865475 0.0
actors.Brick src/images/brick7.gif 80 30 700 100 0.7071067811865475 0.7071067811865475 0.0
actors.Brick src/images/brick8.gif 80 30 800 100 0.7071067811865475 0.7071067811865475 0.0
actors.Ball src\resources\2150_lightning.jpg 20 20 562 160 -0.7071067811865475 -0.7071067811865475 10.0
actors.Ball src\resources\2150_lightning.jpg 20 20 326 127 -0.7071067811865476 0.7071067811865476 10.0
actors.BottomWall src/images/brick3.gif 960 16 480 666 0.7071067811865475 0.7071067811865475 0.0
actors.ShrinkPowerup src/images/shrinkpowerup.gif 16 16 300 100 0.0 1.0 5.0
update
actors.Ball src/images/ball.gif 16 16 344 314 -0.7071067811865475 -0.7071067811865475 10.0
actors.Paddle src/images/paddle.gif 80 16 580 600 0.7071067811865475 0.7071067811865475 0.0
actors.Brick src/images/brick1.gif 80 30 100 100 0.7071067811865475 0.7071067811865475 0.0
actors.Brick src/images/brick2.gif 80 30 200 100 0.7071067811865475 0.7071067811865475 0.0
actors.Brick src/images/brick4.gif 80 30 400 100 0.7071067811865475 0.7071067811865475 0.0
actors.Brick src/images/brick5.gif 80 30 500 100 0.7071067811865475 0.7071067811865475 0.0
actors.Brick src/images/brick6.gif 80 30 600 100 0.7071067811865475 0.7071067811865475 0.0
actors.Brick src/images/brick7.gif 80 30 700 100 0.7071067811865475 0.7071067811865475 0.0
actors.Brick src/images/brick8.gif 80 30 800 100 0.7071067811865475 0.7071067811865475 0.0
actors.Ball src\resources\2150_lightning.jpg 20 20 554 152 -0.7071067811865475 -0.7071067811865475 10.0
actors.Ball src\resources\2150_lightning.jpg 20 20 318 134 -0.7071067811865476 0.7071067811865476 10.0
actors.BottomWall src/images/brick3.gif 960 16 480 666 0.7071067811865475 0.7071067811865475 0.0
actors.ShrinkPowerup src/images/shrinkpowerup.gif 16 16 300 110 0.0 1.0 5.0
update
actors.Ball src/images/ball.gif 16 16 336 306 -0.7071067811865475 -0.7071067811865475 10.0
actors.Paddle src/images/paddle.gif 80 16 580 600 0.7071067811865475 0.7071067811865475 0.0
actors.Brick src/images/brick1.gif 80 30 100 100 0.7071067811865475 0.7071067811865475 0.0
actors.Brick src/images/brick2.gif 80 30 200 100 0.7071067811865475 0.7071067811865475 0.0
actors.Brick src/images/brick4.gif 80 30 400 100 0.7071067811865475 0.7071067811865475 0.0
actors.Brick src/images/brick5.gif 80 30 500 100 0.7071067811865475 0.7071067811865475 0.0
actors.Brick src/images/brick6.gif 80 30 600 100 0.7071067811865475 0.7071067811865475 0.0
actors.Brick src/images/brick7.gif 80 30 700 100 0.7071067811865475 0.7071067811865475 0.0
actors.Brick src/images/brick8.gif 80 30 800 100 0.7071067811865475 0.7071067811865475 0.0
actors.Ball src\resources\2150_lightning.jpg 20 20 546 144 -0.7071067811865475 -0.7071067811865475 10.0
actors.Ball src\resources\2150_lightning.jpg 20 20 310 141 -0.7071067811865476 0.7071067811865476 10.0
actors.BottomWall src/images/brick3.gif 960 16 480 666 0.7071067811865475 0.7071067811865475 0.0
actors.ShrinkPowerup src/images/shrinkpowerup.gif 16 16 300 120 0.0 1.0 5.0
update
actors.Ball src/images/ball.gif 16 16 328 298 -0.7071067811865475 -0.7071067811865475 10.0
actors.Paddle src/images/paddle.gif 80 16 580 600 0.7071067811865475 0.7071067811865475 0.0
actors.Brick src/images/brick1.gif 80 30 100 100 0.7071067811865475 0.7071067811865475 0.0
actors.Brick src/images/brick2.gif 80 30 200 100 0.7071067811865475 0.7071067811865475 0.0
actors.Brick src/images/brick4.gif 80 30 400 100 0.7071067811865475 0.7071067811865475 0.0
actors.Brick src/images/brick5.gif 80 30 500 100 0.7071067811865475 0.7071067811865475 0.0
actors.Brick src/images/brick6.gif 80 30 600 100 0.7071067811865475 0.7071067811865475 0.0
actors.Brick src/images/brick7.gif 80 30 700 100 0.7071067811865475 0.7071067811865475 0.0
actors.Brick src/images/brick8.gif 80 30 800 100 0.7071067811865475 0.7071067811865475 0.0
actors.Ball src\resources\2150_lightning.jpg 20 20 538 136 -0.7071067811865475 -0.7071067811865475 10.0
actors.Ball src\resources\2150_lightning.jpg 20 20 302 148 -0.7071067811865476 0.7071067811865476 10.0
actors.BottomWall src/images/brick3.gif 960 16 480 666 0.7071067811865475 0.7071067811865475 0.0
actors.ShrinkPowerup src/images/shrinkpowerup.gif 16 16 300 130 0.0 1.0 5.0
update
actors.Ball src/images/ball.gif 16 16 320 290 -0.7071067811865475 -0.7071067811865475 10.0
actors.Paddle src/images/paddle.gif 80 16 580 600 0.7071067811865475 0.7071067811865475 0.0
actors.Brick src/images/brick1.gif 80 30 100 100 0.7071067811865475 0.7071067811865475 0.0
actors.Brick src/images/brick2.gif 80 30 200 100 0.7071067811865475 0.7071067811865475 0.0
actors.Brick src/images/brick4.gif 80 30 400 100 0.7071067811865475 0.7071067811865475 0.0
actors.Brick src/images/brick5.gif 80 30 500 100 0.7071067811865475 0.7071067811865475 0.0
actors.Brick src/images/brick6.gif 80 30 600 100 0.7071067811865475 0.7071067811865475 0.0
actors.Brick src/images/brick7.gif 80 30 700 100 0.7071067811865475 0.7071067811865475 0.0
actors.Brick src/images/brick8.gif 80 30 800 100 0.7071067811865475 0.7071067811865475 0.0
actors.Ball src\resources\2150_lightning.jpg 20 20 530 128 -0.7071067811865475 -0.7071067811865475 10.0
actors.Ball src\resources\2150_lightning.jpg 20 20 294 155 -0.7071067811865476 0.7071067811865476 10.0
actors.BottomWall src/images/brick3.gif 960 16 480 666 0.7071067811865475 0.7071067811865475 0.0
actors.ShrinkPowerup src/images/shrinkpowerup.gif 16 16 300 140 0.0 1.0 5.0
update
actors.Ball src/images/ball.gif 16 16 312 282 -0.7071067811865475 -0.7071067811865475 10.0
actors.Paddle src/images/paddle.gif 80 16 580 600 0.7071067811865475 0.7071067811865475 0.0
actors.Brick src/images/brick1.gif 80 30 100 100 0.7071067811865475 0.7071067811865475 0.0
actors.Brick src/images/brick2.gif 80 30 200 100 0.7071067811865475 0.7071067811865475 0.0
actors.Brick src/images/brick4.gif 80 30 400 100 0.7071067811865475 0.7071067811865475 0.0
actors.Brick src/images/brick5.gif 80 30 500 100 0.7071067811865475 0.7071067811865475 0.0
actors.Brick src/images/brick6.gif 80 30 600 100 0.7071067811865475 0.7071067811865475 0.0
actors.Brick src/images/brick7.gif 80 30 700 100 0.7071067811865475 0.7071067811865475 0.0
actors.Brick src/images/brick8.gif 80 30 800 100 0.7071067811865475 0.7071067811865475 0.0
actors.Ball src\resources\2150_lightning.jpg 20 20 514 127 -0.7071067811865476 0.7071067811865476 10.0
actors.Ball src\resources\2150_lightning.jpg 20 20 286 162 -0.7071067811865476 0.7071067811865476 10.0
actors.BottomWall src/images/brick3.gif 960 16 480 666 0.7071067811865475 0.7071067811865475 0.0
actors.ShrinkPowerup src/images/shrinkpowerup.gif 16 16 300 150 0.0 1.0 5.0
update
actors.Ball src/images/ball.gif 16 16 304 274 -0.7071067811865475 -0.7071067811865475 10.0
actors.Paddle src/images/paddle.gif 80 16 580 600 0.7071067811865475 0.7071067811865475 0.0
actors.Brick src/images/brick1.gif 80 30 100 100 0.7071067811865475 0.7071067811865475 0.0
actors.Brick src/images/brick2.gif 80 30 200 100 0.7071067811865475 0.7071067811865475 0.0
actors.Brick src/images/brick4.gif 80 30 400 100 0.7071067811865475 0.7071067811865475 0.0
actors.Brick src/images/brick5.gif 80 30 500 100 0.7071067811865475 0.7071067811865475 0.0
actors.Brick src/images/brick6.gif 80 30 600 100 0.7071067811865475 0.7071067811865475 0.0
actors.Brick src/images/brick7.gif 80 30 700 100 0.7071067811865475 0.7071067811865475 0.0
actors.Brick src/images/brick8.gif 80 30 800 100 0.7071067811865475 0.7071067811865475 0.0
actors.Ball src\resources\2150_lightning.jpg 20 20 506 134 -0.7071067811865476 0.7071067811865476 10.0
actors.Ball src\resources\2150_lightning.jpg 20 20 278 169 -0.7071067811865476 0.7071067811865476 10.0
actors.BottomWall src/images/brick3.gif 960 16 480 666 0.7071067811865475 0.7071067811865475 0.0
actors.ShrinkPowerup src/images/shrinkpowerup.gif 16 16 300 160 0.0 1.0 5.0
update
actors.Ball src/images/ball.gif 16 16 296 266 -0.7071067811865475 -0.7071067811865475 10.0
actors.Paddle src/images/paddle.gif 80 16 580 600 0.7071067811865475 0.7071067811865475 0.0
actors.Brick src/images/brick1.gif 80 30 100 100 0.7071067811865475 0.7071067811865475 0.0
actors.Brick src/images/brick2.gif 80 30 200 100 0.7071067811865475 0.7071067811865475 0.0
actors.Brick src/images/brick4.gif 80 30 400 100 0.7071067811865475 0.7071067811865475 0.0
actors.Brick src/images/brick5.gif 80 30 500 100 0.7071067811865475 0.7071067811865475 0.0
actors.Brick src/images/brick6.gif 80 30 600 100 0.7071067811865475 0.7071067811865475 0.0
actors.Brick src/images/brick7.gif 80 30 700 100 0.7071067811865475 0.7071067811865475 0.0
actors.Brick src/images/brick8.gif 80 30 800 100 0.7071067811865475 0.7071067811865475 0.0
actors.Ball src\resources\2150_lightning.jpg 20 20 498 141 -0.7071067811865476 0.7071067811865476 10.0
actors.Ball src\resources\2150_lightning.jpg 20 20 270 176 -0.7071067811865476 0.7071067811865476 10.0
actors.BottomWall src/images/brick3.gif 960 16 480 666 0.7071067811865475 0.7071067811865475 0.0
actors.ShrinkPowerup src/images/shrinkpowerup.gif 16 16 300 170 0.0 1.0 5.0
update
actors.Ball src/images/ball.gif 16 16 288 258 -0.7071067811865475 -0.7071067811865475 10.0
actors.Paddle src/images/paddle.gif 80 16 580 600 0.7071067811865475 0.7071067811865475 0.0
actors.Brick src/images/brick1.gif 80 30 100 100 0.7071067811865475 0.7071067811865475 0.0
actors.Brick src/images/brick2.gif 80 30 200 100 0.7071067811865475 0.7071067811865475 0.0
actors.Brick src/images/brick4.gif 80 30 400 100 0.7071067811865475 0.7071067811865475 0.0
actors.Brick src/images/brick5.gif 80 30 500 100 0.7071067811865475 0.7071067811865475 0.0
actors.Brick src/images/brick6.gif 80 30 600 100 0.7071067811865475 0.7071067811865475 0.0
actors.Brick src/images/brick7.gif 80 30 700 100 0.7071067811865475 0.7071067811865475 0.0
actors.Brick src/images/brick8.gif 80 30 800 100 0.7071067811865475 0.7071067811865475 0.0
actors.Ball src\resources\2150_lightning.jpg 20 20 490 148 -0.7071067811865476 0.7071067811865476 10.0
actors.Ball src\resources\2150_lightning.jpg 20 20 262 183 -0.7071067811865476 0.7071067811865476 10.0
actors.BottomWall src/images/brick3.gif 960 16 480 666 0.7071067811865475 0.7071067811865475 0.0
actors.ShrinkPowerup src/images/shrinkpowerup.gif 16 16 300 180 0.0 1.0 5.0
update
actors.Ball src/images/ball.gif 16 16 280 250 -0.7071067811865475 -0.7071067811865475 10.0
actors.Paddle src/images/paddle.gif 80 16 580 600 0.7071067811865475 0.7071067811865475 0.0
actors.Brick src/images/brick1.gif 80 30 100 100 0.7071067811865475 0.7071067811865475 0.0
actors.Brick src/images/brick2.gif 80 30 200 100 0.7071067811865475 0.7071067811865475 0.0
actors.Brick src/images/brick4.gif 80 30 400 100 0.7071067811865475 0.7071067811865475 0.0
actors.Brick src/images/brick5.gif 80 30 500 100 0.7071067811865475 0.7071067811865475 0.0
actors.Brick src/images/brick6.gif 80 30 600 100 0.7071067811865475 0.7071067811865475 0.0
actors.Brick src/images/brick7.gif 80 30 700 100 0.7071067811865475 0.7071067811865475 0.0
actors.Brick src/images/brick8.gif 80 30 800 100 0.7071067811865475 0.7071067811865475 0.0
actors.Ball src\resources\2150_lightning.jpg 20 20 482 155 -0.7071067811865476 0.7071067811865476 10.0
actors.Ball src\resources\2150_lightning.jpg 20 20 254 190 -0.7071067811865476 0.7071067811865476 10.0
actors.BottomWall src/images/brick3.gif 960 16 480 666 0.7071067811865475 0.7071067811865475 0.0
actors.ShrinkPowerup src/images/shrinkpowerup.gif 16 16 300 190 0.0 1.0 5.0
update
actors.Ball src/images/ball.gif 16 16 272 242 -0.7071067811865475 -0.7071067811865475 10.0
actors.Paddle src/images/paddle.gif 80 16 580 600 0.7071067811865475 0.7071067811865475 0.0
actors.Brick src/images/brick1.gif 80 30 100 100 0.7071067811865475 0.7071067811865475 0.0
actors.Brick src/images/brick2.gif 80 30 200 100 0.7071067811865475 0.7071067811865475 0.0
actors.Brick src/images/brick4.gif 80 30 400 100 0.7071067811865475 0.7071067811865475 0.0
actors.Brick src/images/brick5.gif 80 30 500 100 0.7071067811865475 0.7071067811865475 0.0
actors.Brick src/images/brick6.gif 80 30 600 100 0.7071067811865475 0.7071067811865475 0.0
actors.Brick src/images/brick7.gif 80 30 700 100 0.7071067811865475 0.7071067811865475 0.0
actors.Brick src/images/brick8.gif 80 30 800 100 0.7071067811865475 0.7071067811865475 0.0
actors.Ball src\resources\2150_lightning.jpg 20 20 474 162 -0.7071067811865476 0.7071067811865476 10.0
actors.Ball src\resources\2150_lightning.jpg 20 20 246 197 -0.7071067811865476 0.7071067811865476 10.0
actors.BottomWall src/images/brick3.gif 960 16 480 666 0.7071067811865475 0.7071067811865475 0.0
actors.ShrinkPowerup src/images/shrinkpowerup.gif 16 16 300 200 0.0 1.0 5.0
update
actors.Ball src/images/ball.gif 16 16 264 234 -0.7071067811865475 -0.7071067811865475 10.0
actors.Paddle src/images/paddle.gif 80 16 580 600 0.7071067811865475 0.7071067811865475 0.0
actors.Brick src/images/brick1.gif 80 30 100 100 0.7071067811865475 0.7071067811865475 0.0
actors.Brick src/images/brick2.gif 80 30 200 100 0.7071067811865475 0.7071067811865475 0.0
actors.Brick src/images/brick4.gif 80 30 400 100 0.7071067811865475 0.7071067811865475 0.0
actors.Brick src/images/brick5.gif 80 30 500 100 0.7071067811865475 0.7071067811865475 0.0
actors.Brick src/images/brick6.gif 80 30 600 100 0.7071067811865475 0.7071067811865475 0.0
actors.Brick src/images/brick7.gif 80 30 700 100 0.7071067811865475 0.7071067811865475 0.0
actors.Brick src/images/brick8.gif 80 30 800 100 0.7071067811865475 0.7071067811865475 0.0
actors.Ball src\resources\2150_lightning.jpg 20 20 466 169 -0.7071067811865476 0.7071067811865476 10.0
actors.Ball src\resources\2150_lightning.jpg 20 20 238 204 -0.7071067811865476 0.7071067811865476 10.0
actors.BottomWall src/images/brick3.gif 960 16 480 666 0.7071067811865475 0.7071067811865475 0.0
actors.ShrinkPowerup src/images/shrinkpowerup.gif 16 16 300 210 0.0 1.0 5.0
update
actors.Ball src/images/ball.gif 16 16 256 226 -0.7071067811865475 -0.7071067811865475 10.0
actors.Paddle src/images/paddle.gif 80 16 580 600 0.7071067811865475 0.7071067811865475 0.0
actors.Brick src/images/brick1.gif 80 30 100 100 0.7071067811865475 0.7071067811865475 0.0
actors.Brick src/images/brick2.gif 80 30 200 100 0.7071067811865475 0.7071067811865475 0.0
actors.Brick src/images/brick4.gif 80 30 400 100 0.7071067811865475 0.7071067811865475 0.0
actors.Brick src/images/brick5.gif 80 30 500 100 0.7071067811865475 0.7071067811865475 0.0
actors.Brick src/images/brick6.gif 80 30 600 100 0.7071067811865475 0.7071067811865475 0.0
actors.Brick src/images/brick7.gif 80 30 700 100 0.7071067811865475 0.7071067811865475 0.0
actors.Brick src/images/brick8.gif 80 30 800 100 0.7071067811865475 0.7071067811865475 0.0
actors.Ball src\resources\2150_lightning.jpg 20 20 458 176 -0.7071067811865476 0.7071067811865476 10.0
actors.Ball src\resources\2150_lightning.jpg 20 20 230 211 -0.7071067811865476 0.7071067811865476 10.0
actors.BottomWall src/images/brick3.gif 960 16 480 666 0.7071067811865475 0.7071067811865475 0.0
actors.ShrinkPowerup src/images/shrinkpowerup.gif 16 16 300 220 0.0 1.0 5.0
update
actors.Ball src/images/ball.gif 16 16 248 218 -0.7071067811865475 -0.7071067811865475 10.0
actors.Paddle src/images/paddle.gif 80 16 580 600 0.7071067811865475 0.7071067811865475 0.0
actors.Brick src/images/brick1.gif 80 30 100 100 0.7071067811865475 0.7071067811865475 0.0
actors.Brick src/images/brick2.gif 80 30 200 100 0.7071067811865475 0.7071067811865475 0.0
actors.Brick src/images/brick4.gif 80 30 400 100 0.7071067811865475 0.7071067811865475 0.0
actors.Brick src/images/brick5.gif 80 30 500 100 0.7071067811865475 0.7071067811865475 0.0
actors.Brick src/images/brick6.gif 80 30 600 100 0.7071067811865475 0.7071067811865475 0.0
actors.Brick src/images/brick7.gif 80 30 700 100 0.7071067811865475 0.7071067811865475 0.0
actors.Brick src/images/brick8.gif 80 30 800 100 0.7071067811865475 0.7071067811865475 0.0
actors.Ball src\resources\2150_lightning.jpg 20 20 450 183 -0.7071067811865476 0.7071067811865476 10.0
actors.Ball src\resources\2150_lightning.jpg 20 20 222 218 -0.7071067811865476 0.7071067811865476 10.0
actors.BottomWall src/images/brick3.gif 960 16 480 666 0.7071067811865475 0.7071067811865475 0.0
actors.ShrinkPowerup src/images/shrinkpowerup.gif 16 16 300 230 0.0 1.0 5.0
update
actors.Ball src/images/ball.gif 16 16 240 210 -0.7071067811865475 -0.7071067811865475 10.0
actors.Paddle src/images/paddle.gif 80 16 580 600 0.7071067811865475 0.7071067811865475 0.0
actors.Brick src/images/brick1.gif 80 30 100 100 0.7071067811865475 0.7071067811865475 0.0
actors.Brick src/images/brick2.gif 80 30 200 100 0.7071067811865475 0.7071067811865475 0.0
actors.Brick src/images/brick4.gif 80 30 400 100 0.7071067811865475 0.7071067811865475 0.0
actors.Brick src/images/brick5.gif 80 30 500 100 0.7071067811865475 0.7071067811865475 0.0
actors.Brick src/images/brick6.gif 80 30 600 100 0.7071067811865475 0.7071067811865475 0.0
actors.Brick src/images/brick7.gif 80 30 700 100 0.7071067811865475 0.7071067811865475 0.0
actors.Brick src/images/brick8.gif 80 30 800 100 0.7071067811865475 0.7071067811865475 0.0
actors.Ball src\resources\2150_lightning.jpg 20 20 442 190 -0.7071067811865476 0.7071067811865476 10.0
actors.Ball src\resources\2150_lightning.jpg 20 20 214 225 -0.7071067811865476 0.7071067811865476 10.0
actors.BottomWall src/images/brick3.gif 960 16 480 666 0.7071067811865475 0.7071067811865475 0.0
actors.ShrinkPowerup src/images/shrinkpowerup.gif 16 16 300 240 0.0 1.0 5.0
update
actors.Ball src/images/ball.gif 16 16 232 202 -0.7071067811865475 -0.7071067811865475 10.0
actors.Paddle src/images/paddle.gif 80 16 580 600 0.7071067811865475 0.7071067811865475 0.0
actors.Brick src/images/brick1.gif 80 30 100 100 0.7071067811865475 0.7071067811865475 0.0
actors.Brick src/images/brick2.gif 80 30 200 100 0.7071067811865475 0.7071067811865475 0.0
actors.Brick src/images/brick4.gif 80 30 400 100 0.7071067811865475 0.7071067811865475 0.0
actors.Brick src/images/brick5.gif 80 30 500 100 0.7071067811865475 0.7071067811865475 0.0
actors.Brick src/images/brick6.gif 80 30 600 100 0.7071067811865475 0.7071067811865475 0.0
actors.Brick src/images/brick7.gif 80 30 700 100 0.7071067811865475 0.7071067811865475 0.0
actors.Brick src/images/brick8.gif 80 30 800 100 0.7071067811865475 0.7071067811865475 0.0
actors.Ball src\resources\2150_lightning.jpg 20 20 434 197 -0.7071067811865476 0.7071067811865476 10.0
actors.Ball src\resources\2150_lightning.jpg 20 20 206 232 -0.7071067811865476 0.7071067811865476 10.0
actors.BottomWall src/images/brick3.gif 960 16 480 666 0.7071067811865475 0.7071067811865475 0.0
actors.ShrinkPowerup src/images/shrinkpowerup.gif 16 16 300 250 0.0 1.0 5.0
update
actors.Ball src/images/ball.gif 16 16 224 194 -0.7071067811865475 -0.7071067811865475 10.0
actors.Paddle src/images/paddle.gif 80 16 580 600 0.7071067811865475 0.7071067811865475 0.0
actors.Brick src/images/brick1.gif 80 30 100 100 0.7071067811865475 0.7071067811865475 0.0
actors.Brick src/images/brick2.gif 80 30 200 100 0.7071067811865475 0.7071067811865475 0.0
actors.Brick src/images/brick4.gif 80 30 400 100 0.7071067811865475 0.7071067811865475 0.0
actors.Brick src/images/brick5.gif 80 30 500 100 0.7071067811865475 0.7071067811865475 0.0
actors.Brick src/images/brick6.gif 80 30 600 100 0.7071067811865475 0.7071067811865475 0.0
actors.Brick src/images/brick7.gif 80 30 700 100 0.7071067811865475 0.7071067811865475 0.0
actors.Brick src/images/brick8.gif 80 30 800 100 0.7071067811865475 0.7071067811865475 0.0
actors.Ball src\resources\2150_lightning.jpg 20 20 426 204 -0.7071067811865476 0.7071067811865476 10.0
actors.Ball src\resources\2150_lightning.jpg 20 20 198 239 -0.7071067811865476 0.7071067811865476 10.0
actors.BottomWall src/images/brick3.gif 960 16 480 666 0.7071067811865475 0.7071067811865475 0.0
actors.ShrinkPowerup src/images/shrinkpowerup.gif 16 16 300 260 0.0 1.0 5.0
update
actors.Ball src/images/ball.gif 16 16 216 186 -0.7071067811865475 -0.7071067811865475 10.0
actors.Paddle src/images/paddle.gif 80 16 580 600 0.7071067811865475 0.7071067811865475 0.0
actors.Brick src/images/brick1.gif 80 30 100 100 0.7071067811865475 0.7071067811865475 0.0
actors.Brick src/images/brick2.gif 80 30 200 100 0.7071067811865475 0.7071067811865475 0.0
actors.Brick src/images/brick4.gif 80 30 400 100 0.7071067811865475 0.7071067811865475 0.0
actors.Brick src/images/brick5.gif 80 30 500 100 0.7071067811865475 0.7071067811865475 0.0
actors.Brick src/images/brick6.gif 80 30 600 100 0.7071067811865475 0.7071067811865475 0.0
actors.Brick src/images/brick7.gif 80 30 700 100 0.7071067811865475 0.7071067811865475 0.0
actors.Brick src/images/brick8.gif 80 30 800 100 0.7071067811865475 0.7071067811865475 0.0
actors.Ball src\resources\2150_lightning.jpg 20 20 418 211 -0.7071067811865476 0.7071067811865476 10.0
actors.Ball src\resources\2150_lightning.jpg 20 20 190 246 -0.7071067811865476 0.7071067811865476 10.0
actors.BottomWall src/images/brick3.gif 960 16 480 666 0.7071067811865475 0.7071067811865475 0.0
actors.ShrinkPowerup src/images/shrinkpowerup.gif 16 16 300 270 0.0 1.0 5.0
update
actors.Ball src/images/ball.gif 16 16 208 178 -0.7071067811865475 -0.7071067811865475 10.0
actors.Paddle src/images/paddle.gif 80 16 580 600 0.7071067811865475 0.7071067811865475 0.0
actors.Brick src/images/brick1.gif 80 30 100 100 0.7071067811865475 0.7071067811865475 0.0
actors.Brick src/images/brick2.gif 80 30 200 100 0.7071067811865475 0.7071067811865475 0.0
actors.Brick src/images/brick4.gif 80 30 400 100 0.7071067811865475 0.7071067811865475 0.0
actors.Brick src/images/brick5.gif 80 30 500 100 0.7071067811865475 0.7071067811865475 0.0
actors.Brick src/images/brick6.gif 80 30 600 100 0.7071067811865475 0.7071067811865475 0.0
actors.Brick src/images/brick7.gif 80 30 700 100 0.7071067811865475 0.7071067811865475 0.0
actors.Brick src/images/brick8.gif 80 30 800 100 0.7071067811865475 0.7071067811865475 0.0
actors.Ball src\resources\2150_lightning.jpg 20 20 410 218 -0.7071067811865476 0.7071067811865476 10.0
actors.Ball src\resources\2150_lightning.jpg 20 20 182 253 -0.7071067811865476 0.7071067811865476 10.0
actors.BottomWall src/images/brick3.gif 960 16 480 666 0.7071067811865475 0.7071067811865475 0.0
actors.ShrinkPowerup src/images/shrinkpowerup.gif 16 16 300 280 0.0 1.0 5.0
update
actors.Ball src/images/ball.gif 16 16 200 170 -0.7071067811865475 -0.7071067811865475 10.0
actors.Paddle src/images/paddle.gif 80 16 580 600 0.7071067811865475 0.7071067811865475 0.0
actors.Brick src/images/brick1.gif 80 30 100 100 0.7071067811865475 0.7071067811865475 0.0
actors.Brick src/images/brick2.gif 80 30 200 100 0.7071067811865475 0.7071067811865475 0.0
actors.Brick src/images/brick4.gif 80 30 400 100 0.7071067811865475 0.7071067811865475 0.0
actors.Brick src/images/brick5.gif 80 30 500 100 0.7071067811865475 0.7071067811865475 0.0
actors.Brick src/images/brick6.gif 80 30 600 100 0.7071067811865475 0.7071067811865475 0.0
actors.Brick src/images/brick7.gif 80 30 700 100 0.7071067811865475 0.7071067811865475 0.0
actors.Brick src/images/brick8.gif 80 30 800 100 0.7071067811865475 0.7071067811865475 0.0
actors.Ball src\resources\2150_lightning.jpg 20 20 402 225 -0.7071067811865476 0.7071067811865476 10.0
actors.Ball src\resources\2150_lightning.jpg 20 20 174 260 -0.7071067811865476 0.7071067811865476 10.0
actors.BottomWall src/images/brick3.gif 960 16 480 666 0.7071067811865475 0.7071067811865475 0.0
actors.ShrinkPowerup src/images/shrinkpowerup.gif 16 16 300 290 0.0 1.0 5.0
update
actors.Ball src/images/ball.gif 16 16 192 162 -0.7071067811865475 -0.7071067811865475 10.0
actors.Paddle src/images/paddle.gif 80 16 580 600 0.7071067811865475 0.7071067811865475 0.0
actors.Brick src/images/brick1.gif 80 30 100 100 0.7071067811865475 0.7071067811865475 0.0
actors.Brick src/images/brick2.gif 80 30 200 100 0.7071067811865475 0.7071067811865475 0.0
actors.Brick src/images/brick4.gif 80 30 400 100 0.7071067811865475 0.7071067811865475 0.0
actors.Brick src/images/brick5.gif 80 30 500 100 0.7071067811865475 0.7071067811865475 0.0
actors.Brick src/images/brick6.gif 80 30 600 100 0.7071067811865475 0.7071067811865475 0.0
actors.Brick src/images/brick7.gif 80 30 700 100 0.7071067811865475 0.7071067811865475 0.0
actors.Brick src/images/brick8.gif 80 30 800 100 0.7071067811865475 0.7071067811865475 0.0
actors.Ball src\resources\2150_lightning.jpg 20 20 394 232 -0.7071067811865476 0.7071067811865476 10.0
actors.Ball src\resources\2150_lightning.jpg 20 20 166 267 -0.7071067811865476 0.7071067811865476 10.0
actors.BottomWall src/images/brick3.gif 960 16 480 666 0.7071067811865475 0.7071067811865475 0.0
actors.ShrinkPowerup src/images/shrinkpowerup.gif 16 16 300 300 0.0 1.0 5.0
update
actors.Ball src/images/ball.gif 16 16 184 154 -0.7071067811865475 -0.7071067811865475 10.0
actors.Paddle src/images/paddle.gif 80 16 580 600 0.7071067811865475 0.7071067811865475 0.0
actors.Brick src/images/brick1.gif 80 30 100 100 0.7071067811865475 0.7071067811865475 0.0
actors.Brick src/images/brick2.gif 80 30 200 100 0.7071067811865475 0.7071067811865475 0.0
actors.Brick src/images/brick4.gif 80 30 400 100 0.7071067811865475 0.7071067811865475 0.0
actors.Brick src/images/brick5.gif 80 30 500 100 0.7071067811865475 0.7071067811865475 0.0
actors.Brick src/images/brick6.gif 80 30 600 100 0.7071067811865475 0.7071067811865475 0.0
actors.Brick src/images/brick7.gif 80 30 700 100 0.7071067811865475 0.7071067811865475 0.0
actors.Brick src/images/brick8.gif 80 30 800 100 0.7071067811865475 0.7071067811865475 0.0
actors.Ball src\resources\2150_lightning.jpg 20 20 386 239 -0.7071067811865476 0.7071067811865476 10.0
actors.Ball src\resources\2150_lightning.jpg 20 20 158 274 -0.7071067811865476 0.7071067811865476 10.0
actors.BottomWall src/images/brick3.gif 960 16 480 666 0.7071067811865475 0.7071067811865475 0.0
actors.ShrinkPowerup src/images/shrinkpowerup.gif 16 16 300 310 0.0 1.0 5.0
update
actors.Ball src/images/ball.gif 16 16 176 146 -0.7071067811865475 -0.7071067811865475 10.0
actors.Paddle src/images/paddle.gif 80 16 580 600 0.7071067811865475 0.7071067811865475 0.0
actors.Brick src/images/brick1.gif 80 30 100 100 0.7071067811865475 0.7071067811865475 0.0
actors.Brick src/images/brick2.gif 80 30 200 100 0.7071067811865475 0.7071067811865475 0.0
actors.Brick src/images/brick4.gif 80 30 400 100 0.7071067811865475 0.7071067811865475 0.0
actors.Brick src/images/brick5.gif 80 30 500 100 0.7071067811865475 0.7071067811865475 0.0
actors.Brick src/images/brick6.gif 80 30 600 100 0.7071067811865475 0.7071067811865475 0.0
actors.Brick src/images/brick7.gif 80 30 700 100 0.7071067811865475 0.7071067811865475 0.0
actors.Brick src/images/brick8.gif 80 30 800 100 0.7071067811865475 0.7071067811865475 0.0
actors.Ball src\resources\2150_lightning.jpg 20 20 378 246 -0.7071067811865476 0.7071067811865476 10.0
actors.Ball src\resources\2150_lightning.jpg 20 20 150 281 -0.7071067811865476 0.7071067811865476 10.0
actors.BottomWall src/images/brick3.gif 960 16 480 666 0.7071067811865475 0.7071067811865475 0.0
actors.ShrinkPowerup src/images/shrinkpowerup.gif 16 16 300 320 0.0 1.0 5.0
update
actors.Ball src/images/ball.gif 16 16 168 138 -0.7071067811865475 -0.7071067811865475 10.0
actors.Paddle src/images/paddle.gif 80 16 580 600 0.7071067811865475 0.7071067811865475 0.0
actors.Brick src/images/brick1.gif 80 30 100 100 0.7071067811865475 0.7071067811865475 0.0
actors.Brick src/images/brick2.gif 80 30 200 100 0.7071067811865475 0.7071067811865475 0.0
actors.Brick src/images/brick4.gif 80 30 400 100 0.7071067811865475 0.7071067811865475 0.0
actors.Brick src/images/brick5.gif 80 30 500 100 0.7071067811865475 0.7071067811865475 0.0
actors.Brick src/images/brick6.gif 80 30 600 100 0.7071067811865475 0.7071067811865475 0.0
actors.Brick src/images/brick7.gif 80 30 700 100 0.7071067811865475 0.7071067811865475 0.0
actors.Brick src/images/brick8.gif 80 30 800 100 0.7071067811865475 0.7071067811865475 0.0
actors.Ball src\resources\2150_lightning.jpg 20 20 370 253 -0.7071067811865476 0.7071067811865476 10.0
actors.Ball src\resources\2150_lightning.jpg 20 20 142 288 -0.7071067811865476 0.7071067811865476 10.0
actors.BottomWall src/images/brick3.gif 960 16 480 666 0.7071067811865475 0.7071067811865475 0.0
actors.ShrinkPowerup src/images/shrinkpowerup.gif 16 16 300 330 0.0 1.0 5.0
update
actors.Ball src/images/ball.gif 16 16 160 130 -0.7071067811865475 -0.7071067811865475 10.0
actors.Paddle src/images/paddle.gif 80 16 580 600 0.7071067811865475 0.7071067811865475 0.0
actors.Brick src/images/brick1.gif 80 30 100 100 0.7071067811865475 0.7071067811865475 0.0
actors.Brick src/images/brick2.gif 80 30 200 100 0.7071067811865475 0.7071067811865475 0.0
actors.Brick src/images/brick4.gif 80 30 400 100 0.7071067811865475 0.7071067811865475 0.0
actors.Brick src/images/brick5.gif 80 30 500 100 0.7071067811865475 0.7071067811865475 0.0
actors.Brick src/images/brick6.gif 80 30 600 100 0.7071067811865475 0.7071067811865475 0.0
actors.Brick src/images/brick7.gif 80 30 700 100 0.7071067811865475 0.7071067811865475 0.0
actors.Brick src/images/brick8.gif 80 30 800 100 0.7071067811865475 0.7071067811865475 0.0
actors.Ball src\resources\2150_lightning.jpg 20 20 362 260 -0.7071067811865476 0.7071067811865476 10.0
actors.Ball src\resources\2150_lightning.jpg 20 20 134 295 -0.7071067811865476 0.7071067811865476 10.0
actors.BottomWall src/images/brick3.gif 960 16 480 666 0.7071067811865475 0.7071067811865475 0.0
actors.ShrinkPowerup src/images/shrinkpowerup.gif 16 16 300 340 0.0 1.0 5.0
update
actors.Ball src/images/ball.gif 16 16 152 122 -0.7071067811865475 -0.7071067811865475 10.0
actors.Paddle src/images/paddle.gif 80 16 580 600 0.7071067811865475 0.7071067811865475 0.0
actors.Brick src/images/brick1.gif 80 30 100 100 0.7071067811865475 0.7071067811865475 0.0
actors.Brick src/images/brick2.gif 80 30 200 100 0.7071067811865475 0.7071067811865475 0.0
actors.Brick src/images/brick4.gif 80 30 400 100 0.7071067811865475 0.7071067811865475 0.0
actors.Brick src/images/brick5.gif 80 30 500 100 0.7071067811865475 0.7071067811865475 0.0
actors.Brick src/images/brick6.gif 80 30 600 100 0.7071067811865475 0.7071067811865475 0.0
actors.Brick src/images/brick7.gif 80 30 700 100 0.7071067811865475 0.7071067811865475 0.0
actors.Brick src/images/brick8.gif 80 30 800 100 0.7071067811865475 0.7071067811865475 0.0
actors.Ball src\resources\2150_lightning.jpg 20 20 354 267 -0.7071067811865476 0.7071067811865476 10.0
actors.Ball src\resources\2150_lightning.jpg 20 20 126 302 -0.7071067811865476 0.7071067811865476 10.0
actors.BottomWall src/images/brick3.gif 960 16 480 666 0.7071067811865475 0.7071067811865475 0.0
actors.ShrinkPowerup src/images/shrinkpowerup.gif 16 16 300 350 0.0 1.0 5.0
update
actors.Ball src/images/ball.gif 16 16 136 106 -0.7071067811865475 -0.7071067811865475 10.0
actors.Paddle src/images/paddle.gif 80 16 580 600 0.7071067811865475 0.7071067811865475 0.0
actors.Brick src/images/brick2.gif 80 30 200 100 0.7071067811865475 0.7071067811865475 0.0
actors.Brick src/images/brick4.gif 80 30 400 100 0.7071067811865475 0.7071067811865475 0.0
actors.Brick src/images/brick5.gif 80 30 500 100 0.7071067811865475 0.7071067811865475 0.0
actors.Brick src/images/brick6.gif 80 30 600 100 0.7071067811865475 0.7071067811865475 0.0
actors.Brick src/images/brick7.gif 80 30 700 100 0.7071067811865475 0.7071067811865475 0.0
actors.Brick src/images/brick8.gif 80 30 800 100 0.7071067811865475 0.7071067811865475 0.0
actors.Ball src\resources\2150_lightning.jpg 20 20 346 274 -0.7071067811865476 0.7071067811865476 10.0
actors.Ball src\resources\2150_lightning.jpg 20 20 118 309 -0.7071067811865476 0.7071067811865476 10.0
actors.BottomWall src/images/brick3.gif 960 16 480 666 0.7071067811865475 0.7071067811865475 0.0
actors.ShrinkPowerup src/images/shrinkpowerup.gif 16 16 300 360 0.0 1.0 5.0
update
actors.Ball src/images/ball.gif 16 16 128 98 -0.7071067811865475 -0.7071067811865475 10.0
actors.Paddle src/images/paddle.gif 80 16 580 600 0.7071067811865475 0.7071067811865475 0.0
actors.Brick src/images/brick2.gif 80 30 200 100 0.7071067811865475 0.7071067811865475 0.0
actors.Brick src/images/brick4.gif 80 30 400 100 0.7071067811865475 0.7071067811865475 0.0
actors.Brick src/images/brick5.gif 80 30 500 100 0.7071067811865475 0.7071067811865475 0.0
actors.Brick src/images/brick6.gif 80 30 600 100 0.7071067811865475 0.7071067811865475 0.0
actors.Brick src/images/brick7.gif 80 30 700 100 0.7071067811865475 0.7071067811865475 0.0
actors.Brick src/images/brick8.gif 80 30 800 100 0.7071067811865475 0.7071067811865475 0.0
actors.Ball src\resources\2150_lightning.jpg 20 20 338 281 -0.7071067811865476 0.7071067811865476 10.0
actors.Ball src\resources\2150_lightning.jpg 20 20 110 316 -0.7071067811865476 0.7071067811865476 10.0
actors.BottomWall src/images/brick3.gif 960 16 480 666 0.7071067811865475 0.7071067811865475 0.0
actors.ShrinkPowerup src/images/shrinkpowerup.gif 16 16 300 370 0.0 1.0 5.0
update
actors.Ball src/images/ball.gif 16 16 120 90 -0.7071067811865475 -0.7071067811865475 10.0
actors.Paddle src/images/paddle.gif 80 16 580 600 0.7071067811865475 0.7071067811865475 0.0
actors.Brick src/images/brick2.gif 80 30 200 100 0.7071067811865475 0.7071067811865475 0.0
actors.Brick src/images/brick4.gif 80 30 400 100 0.7071067811865475 0.7071067811865475 0.0
actors.Brick src/images/brick5.gif 80 30 500 100 0.7071067811865475 0.7071067811865475 0.0
actors.Brick src/images/brick6.gif 80 30 600 100 0.7071067811865475 0.7071067811865475 0.0
actors.Brick src/images/brick7.gif 80 30 700 100 0.7071067811865475 0.7071067811865475 0.0
actors.Brick src/images/brick8.gif 80 30 800 100 0.7071067811865475 0.7071067811865475 0.0
actors.Ball src\resources\2150_lightning.jpg 20 20 330 288 -0.7071067811865476 0.7071067811865476 10.0
actors.Ball src\resources\2150_lightning.jpg 20 20 102 323 -0.7071067811865476 0.7071067811865476 10.0
actors.BottomWall src/images/brick3.gif 960 16 480 666 0.7071067811865475 0.7071067811865475 0.0
actors.ShrinkPowerup src/images/shrinkpowerup.gif 16 16 300 380 0.0 1.0 5.0
update
actors.Ball src/images/ball.gif 16 16 112 82 -0.7071067811865475 -0.7071067811865475 10.0
actors.Paddle src/images/paddle.gif 80 16 580 600 0.7071067811865475 0.7071067811865475 0.0
actors.Brick src/images/brick2.gif 80 30 200 100 0.7071067811865475 0.7071067811865475 0.0
actors.Brick src/images/brick4.gif 80 30 400 100 0.7071067811865475 0.7071067811865475 0.0
actors.Brick src/images/brick5.gif 80 30 500 100 0.7071067811865475 0.7071067811865475 0.0
actors.Brick src/images/brick6.gif 80 30 600 100 0.7071067811865475 0.7071067811865475 0.0
actors.Brick src/images/brick7.gif 80 30 700 100 0.7071067811865475 0.7071067811865475 0.0
actors.Brick src/images/brick8.gif 80 30 800 100 0.7071067811865475 0.7071067811865475 0.0
actors.Ball src\resources\2150_lightning.jpg 20 20 322 295 -0.7071067811865476 0.7071067811865476 10.0
actors.Ball src\resources\2150_lightning.jpg 20 20 94 330 -0.7071067811865476 0.7071067811865476 10.0
actors.BottomWall src/images/brick3.gif 960 16 480 666 0.7071067811865475 0.7071067811865475 0.0
actors.ShrinkPowerup src/images/shrinkpowerup.gif 16 16 300 390 0.0 1.0 5.0
update
actors.Ball src/images/ball.gif 16 16 104 74 -0.7071067811865475 -0.7071067811865475 10.0
actors.Paddle src/images/paddle.gif 80 16 580 600 0.7071067811865475 0.7071067811865475 0.0
actors.Brick src/images/brick2.gif 80 30 200 100 0.7071067811865475 0.7071067811865475 0.0
actors.Brick src/images/brick4.gif 80 30 400 100 0.7071067811865475 0.7071067811865475 0.0
actors.Brick src/images/brick5.gif 80 30 500 100 0.7071067811865475 0.7071067811865475 0.0
actors.Brick src/images/brick6.gif 80 30 600 100 0.7071067811865475 0.7071067811865475 0.0
actors.Brick src/images/brick7.gif 80 30 700 100 0.7071067811865475 0.7071067811865475 0.0
actors.Brick src/images/brick8.gif 80 30 800 100 0.7071067811865475 0.7071067811865475 0.0
actors.Ball src\resources\2150_lightning.jpg 20 20 314 302 -0.7071067811865476 0.7071067811865476 10.0
actors.Ball src\resources\2150_lightning.jpg 20 20 86 337 -0.7071067811865476 0.7071067811865476 10.0
actors.BottomWall src/images/brick3.gif 960 16 480 666 0.7071067811865475 0.7071067811865475 0.0
actors.ShrinkPowerup src/images/shrinkpowerup.gif 16 16 300 400 0.0 1.0 5.0
update
actors.Ball src/images/ball.gif 16 16 96 66 -0.7071067811865475 -0.7071067811865475 10.0
actors.Paddle src/images/paddle.gif 80 16 580 600 0.7071067811865475 0.7071067811865475 0.0
actors.Brick src/images/brick2.gif 80 30 200 100 0.7071067811865475 0.7071067811865475 0.0
actors.Brick src/images/brick4.gif 80 30 400 100 0.7071067811865475 0.7071067811865475 0.0
actors.Brick src/images/brick5.gif 80 30 500 100 0.7071067811865475 0.7071067811865475 0.0
actors.Brick src/images/brick6.gif 80 30 600 100 0.7071067811865475 0.7071067811865475 0.0
actors.Brick src/images/brick7.gif 80 30 700 100 0.7071067811865475 0.7071067811865475 0.0
actors.Brick src/images/brick8.gif 80 30 800 100 0.7071067811865475 0.7071067811865475 0.0
actors.Ball src\resources\2150_lightning.jpg 20 20 306 309 -0.7071067811865476 0.7071067811865476 10.0
actors.Ball src\resources\2150_lightning.jpg 20 20 78 344 -0.7071067811865476 0.7071067811865476 10.0
actors.BottomWall src/images/brick3.gif 960 16 480 666 0.7071067811865475 0.7071067811865475 0.0
actors.ShrinkPowerup src/images/shrinkpowerup.gif 16 16 300 410 0.0 1.0 5.0
update
actors.Ball src/images/ball.gif 16 16 88 58 -0.7071067811865475 -0.7071067811865475 10.0
actors.Paddle src/images/paddle.gif 80 16 580 600 0.7071067811865475 0.7071067811865475 0.0
actors.Brick src/images/brick2.gif 80 30 200 100 0.7071067811865475 0.7071067811865475 0.0
actors.Brick src/images/brick4.gif 80 30 400 100 0.7071067811865475 0.7071067811865475 0.0
actors.Brick src/images/brick5.gif 80 30 500 100 0.7071067811865475 0.7071067811865475 0.0
actors.Brick src/images/brick6.gif 80 30 600 100 0.7071067811865475 0.7071067811865475 0.0
actors.Brick src/images/brick7.gif 80 30 700 100 0.7071067811865475 0.7071067811865475 0.0
actors.Brick src/images/brick8.gif 80 30 800 100 0.7071067811865475 0.7071067811865475 0.0
actors.Ball src\resources\2150_lightning.jpg 20 20 298 316 -0.7071067811865476 0.7071067811865476 10.0
actors.Ball src\resources\2150_lightning.jpg 20 20 70 351 -0.7071067811865476 0.7071067811865476 10.0
actors.BottomWall src/images/brick3.gif 960 16 480 666 0.7071067811865475 0.7071067811865475 0.0
actors.ShrinkPowerup src/images/shrinkpowerup.gif 16 16 300 420 0.0 1.0 5.0
update
actors.Ball src/images/ball.gif 16 16 80 50 -0.7071067811865475 -0.7071067811865475 10.0
actors.Paddle src/images/paddle.gif 80 16 580 600 0.7071067811865475 0.7071067811865475 0.0
actors.Brick src/images/brick2.gif 80 30 200 100 0.7071067811865475 0.7071067811865475 0.0
actors.Brick src/images/brick4.gif 80 30 400 100 0.7071067811865475 0.7071067811865475 0.0
actors.Brick src/images/brick5.gif 80 30 500 100 0.7071067811865475 0.7071067811865475 0.0
actors.Brick src/images/brick6.gif 80 30 600 100 0.7071067811865475 0.7071067811865475 0.0
actors.Brick src/images/brick7.gif 80 30 700 100 0.7071067811865475 0.7071067811865475 0.0
actors.Brick src/images/brick8.gif 80 30 800 100 0.7071067811865475 0.7071067811865475 0.0
actors.Ball src\resources\2150_lightning.jpg 20 20 290 323 -0.7071067811865476 0.7071067811865476 10.0
actors.Ball src\resources\2150_lightning.jpg 20 20 62 358 -0.7071067811865476 0.7071067811865476 10.0
actors.BottomWall src/images/brick3.gif 960 16 480 666 0.7071067811865475 0.7071067811865475 0.0
actors.ShrinkPowerup src/images/shrinkpowerup.gif 16 16 300 430 0.0 1.0 5.0
update
actors.Ball src/images/ball.gif 16 16 72 42 -0.7071067811865475 -0.7071067811865475 10.0
actors.Paddle src/images/paddle.gif 80 16 580 600 0.7071067811865475 0.7071067811865475 0.0
actors.Brick src/images/brick2.gif 80 30 200 100 0.7071067811865475 0.7071067811865475 0.0
actors.Brick src/images/brick4.gif 80 30 400 100 0.7071067811865475 0.7071067811865475 0.0
actors.Brick src/images/brick5.gif 80 30 500 100 0.7071067811865475 0.7071067811865475 0.0
actors.Brick src/images/brick6.gif 80 30 600 100 0.7071067811865475 0.7071067811865475 0.0
actors.Brick src/images/brick7.gif 80 30 700 100 0.7071067811865475 0.7071067811865475 0.0
actors.Brick src/images/brick8.gif 80 30 800 100 0.7071067811865475 0.7071067811865475 0.0
actors.Ball src\resources\2150_lightning.jpg 20 20 282 330 -0.7071067811865476 0.7071067811865476 10.0
actors.Ball src\resources\2150_lightning.jpg 20 20 54 365 -0.7071067811865476 0.7071067811865476 10.0
actors.BottomWall src/images/brick3.gif 960 16 480 666 0.7071067811865475 0.7071067811865475 0.0
actors.ShrinkPowerup src/images/shrinkpowerup.gif 16 16 300 440 0.0 1.0 5.0
update
actors.Ball src/images/ball.gif 16 16 64 34 -0.7071067811865475 -0.7071067811865475 10.0
actors.Paddle src/images/paddle.gif 80 16 580 600 0.7071067811865475 0.7071067811865475 0.0
actors.Brick src/images/brick2.gif 80 30 200 100 0.7071067811865475 0.7071067811865475 0.0
actors.Brick src/images/brick4.gif 80 30 400 100 0.7071067811865475 0.7071067811865475 0.0
actors.Brick src/images/brick5.gif 80 30 500 100 0.7071067811865475 0.7071067811865475 0.0
actors.Brick src/images/brick6.gif 80 30 600 100 0.7071067811865475 0.7071067811865475 0.0
actors.Brick src/images/brick7.gif 80 30 700 100 0.7071067811865475 0.7071067811865475 0.0
actors.Brick src/images/brick8.gif 80 30 800 100 0.7071067811865475 0.7071067811865475 0.0
actors.Ball src\resources\2150_lightning.jpg 20 20 274 337 -0.7071067811865476 0.7071067811865476 10.0
actors.Ball src\resources\2150_lightning.jpg 20 20 46 372 -0.7071067811865476 0.7071067811865476 10.0
actors.BottomWall src/images/brick3.gif 960 16 480 666 0.7071067811865475 0.7071067811865475 0.0
actors.ShrinkPowerup src/images/shrinkpowerup.gif 16 16 300 450 0.0 1.0 5.0
update
actors.Ball src/images/ball.gif 16 16 56 26 -0.7071067811865475 -0.7071067811865475 10.0
actors.Paddle src/images/paddle.gif 80 16 580 600 0.7071067811865475 0.7071067811865475 0.0
actors.Brick src/images/brick2.gif 80 30 200 100 0.7071067811865475 0.7071067811865475 0.0
actors.Brick src/images/brick4.gif 80 30 400 100 0.7071067811865475 0.7071067811865475 0.0
actors.Brick src/images/brick5.gif 80 30 500 100 0.7071067811865475 0.7071067811865475 0.0
actors.Brick src/images/brick6.gif 80 30 600 100 0.7071067811865475 0.7071067811865475 0.0
actors.Brick src/images/brick7.gif 80 30 700 100 0.7071067811865475 0.7071067811865475 0.0
actors.Brick src/images/brick8.gif 80 30 800 100 0.7071067811865475 0.7071067811865475 0.0
actors.Ball src\resources\2150_lightning.jpg 20 20 266 344 -0.7071067811865476 0.7071067811865476 10.0
actors.Ball src\resources\2150_lightning.jpg 20 20 38 379 -0.7071067811865476 0.7071067811865476 10.0
actors.BottomWall src/images/brick3.gif 960 16 480 666 0.7071067811865475 0.7071067811865475 0.0
actors.ShrinkPowerup src/images/shrinkpowerup.gif 16 16 300 460 0.0 1.0 5.0
update
actors.Ball src/images/ball.gif 16 16 48 18 -0.7071067811865475 -0.7071067811865475 10.0
actors.Paddle src/images/paddle.gif 80 16 580 600 0.7071067811865475 0.7071067811865475 0.0
actors.Brick src/images/brick2.gif 80 30 200 100 0.7071067811865475 0.7071067811865475 0.0
actors.Brick src/images/brick4.gif 80 30 400 100 0.7071067811865475 0.7071067811865475 0.0
actors.Brick src/images/brick5.gif 80 30 500 100 0.7071067811865475 0.7071067811865475 0.0
actors.Brick src/images/brick6.gif 80 30 600 100 0.7071067811865475 0.7071067811865475 0.0
actors.Brick src/images/brick7.gif 80 30 700 100 0.7071067811865475 0.7071067811865475 0.0
actors.Brick src/images/brick8.gif 80 30 800 100 0.7071067811865475 0.7071067811865475 0.0
actors.Ball src\resources\2150_lightning.jpg 20 20 258 351 -0.7071067811865476 0.7071067811865476 10.0
actors.Ball src\resources\2150_lightning.jpg 20 20 30 386 -0.7071067811865476 0.7071067811865476 10.0
actors.BottomWall src/images/brick3.gif 960 16 480 666 0.7071067811865475 0.7071067811865475 0.0
actors.ShrinkPowerup src/images/shrinkpowerup.gif 16 16 300 470 0.0 1.0 5.0
update
actors.Ball src/images/ball.gif 16 16 40 10 -0.7071067811865475 -0.7071067811865475 10.0
actors.Paddle src/images/paddle.gif 80 16 580 600 0.7071067811865475 0.7071067811865475 0.0
actors.Brick src/images/brick2.gif 80 30 200 100 0.7071067811865475 0.7071067811865475 0.0
actors.Brick src/images/brick4.gif 80 30 400 100 0.7071067811865475 0.7071067811865475 0.0
actors.Brick src/images/brick5.gif 80 30 500 100 0.7071067811865475 0.7071067811865475 0.0
actors.Brick src/images/brick6.gif 80 30 600 100 0.7071067811865475 0.7071067811865475 0.0
actors.Brick src/images/brick7.gif 80 30 700 100 0.7071067811865475 0.7071067811865475 0.0
actors.Brick src/images/brick8.gif 80 30 800 100 0.7071067811865475 0.7071067811865475 0.0
actors.Ball src\resources\2150_lightning.jpg 20 20 250 358 -0.7071067811865476 0.7071067811865476 10.0
actors.Ball src\resources\2150_lightning.jpg 20 20 22 393 -0.7071067811865476 0.7071067811865476 10.0
actors.BottomWall src/images/brick3.gif 960 16 480 666 0.7071067811865475 0.7071067811865475 0.0
actors.ShrinkPowerup src/images/shrinkpowerup.gif 16 16 300 480 0.0 1.0 5.0
update
actors.Ball src/images/ball.gif 16 16 39 -5 0.7071067811865476 -0.7071067811865476 10.0
actors.Paddle src/images/paddle.gif 80 16 580 600 0.7071067811865475 0.7071067811865475 0.0
actors.Brick src/images/brick2.gif 80 30 200 100 0.7071067811865475 0.7071067811865475 0.0
actors.Brick src/images/brick4.gif 80 30 400 100 0.7071067811865475 0.7071067811865475 0.0
actors.Brick src/images/brick5.gif 80 30 500 100 0.7071067811865475 0.7071067811865475 0.0
actors.Brick src/images/brick6.gif 80 30 600 100 0.7071067811865475 0.7071067811865475 0.0
actors.Brick src/images/brick7.gif 80 30 700 100 0.7071067811865475 0.7071067811865475 0.0
actors.Brick src/images/brick8.gif 80 30 800 100 0.7071067811865475 0.7071067811865475 0.0
actors.Ball src\resources\2150_lightning.jpg 20 20 242 365 -0.7071067811865476 0.7071067811865476 10.0
actors.Ball src\resources\2150_lightning.jpg 20 20 14 400 -0.7071067811865476 0.7071067811865476 10.0
actors.BottomWall src/images/brick3.gif 960 16 480 666 0.7071067811865475 0.7071067811865475 0.0
actors.ShrinkPowerup src/images/shrinkpowerup.gif 16 16 300 490 0.0 1.0 5.0
update
actors.Ball src/images/ball.gif 16 16 38 -19 -0.7071067811865476 -0.7071067811865476 10.0
actors.Paddle src/images/paddle.gif 80 16 580 600 0.7071067811865475 0.7071067811865475 0.0
actors.Brick src/images/brick2.gif 80 30 200 100 0.7071067811865475 0.7071067811865475 0.0
actors.Brick src/images/brick4.gif 80 30 400 100 0.7071067811865475 0.7071067811865475 0.0
actors.Brick src/images/brick5.gif 80 30 500 100 0.7071067811865475 0.7071067811865475 0.0
actors.Brick src/images/brick6.gif 80 30 600 100 0.7071067811865475 0.7071067811865475 0.0
actors.Brick src/images/brick7.gif 80 30 700 100 0.7071067811865475 0.7071067811865475 0.0
actors.Brick src/images/brick8.gif 80 30 800 100 0.7071067811865475 0.7071067811865475 0.0
actors.Ball src\resources\2150_lightning.jpg 20 20 234 372 -0.7071067811865476 0.7071067811865476 10.0
actors.Ball src\resources\2150_lightning.jpg 20 20 13 414 0.7071067811865476 0.7071067811865476 10.0
actors.BottomWall src/images/brick3.gif 960 16 480 666 0.7071067811865475 0.7071067811865475 0.0
actors.ShrinkPowerup src/images/shrinkpowerup.gif 16 16 300 500 0.0 1.0 5.0
update
actors.Ball src/images/ball.gif 16 16 30 -26 -0.7071067811865476 -0.7071067811865476 10.0
actors.Paddle src/images/paddle.gif 80 16 580 600 0.7071067811865475 0.7071067811865475 0.0
actors.Brick src/images/brick2.gif 80 30 200 100 0.7071067811865475 0.7071067811865475 0.0
actors.Brick src/images/brick4.gif 80 30 400 100 0.7071067811865475 0.7071067811865475 0.0
actors.Brick src/images/brick5.gif 80 30 500 100 0.7071067811865475 0.7071067811865475 0.0
actors.Brick src/images/brick6.gif 80 30 600 100 0.7071067811865475 0.7071067811865475 0.0
actors.Brick src/images/brick7.gif 80 30 700 100 0.7071067811865475 0.7071067811865475 0.0
actors.Brick src/images/brick8.gif 80 30 800 100 0.7071067811865475 0.7071067811865475 0.0
actors.Ball src\resources\2150_lightning.jpg 20 20 226 379 -0.7071067811865476 0.7071067811865476 10.0
actors.Ball src\resources\2150_lightning.jpg 20 20 20 421 0.7071067811865476 0.7071067811865476 10.0
actors.BottomWall src/images/brick3.gif 960 16 480 666 0.7071067811865475 0.7071067811865475 0.0
actors.ShrinkPowerup src/images/shrinkpowerup.gif 16 16 300 510 0.0 1.0 5.0
update
actors.Ball src/images/ball.gif 16 16 22 -33 -0.7071067811865476 -0.7071067811865476 10.0
actors.Paddle src/images/paddle.gif 80 16 580 600 0.7071067811865475 0.7071067811865475 0.0
actors.Brick src/images/brick2.gif 80 30 200 100 0.7071067811865475 0.7071067811865475 0.0
actors.Brick src/images/brick4.gif 80 30 400 100 0.7071067811865475 0.7071067811865475 0.0
actors.Brick src/images/brick5.gif 80 30 500 100 0.7071067811865475 0.7071067811865475 0.0
actors.Brick src/images/brick6.gif 80 30 600 100 0.7071067811865475 0.7071067811865475 0.0
actors.Brick src/images/brick7.gif 80 30 700 100 0.7071067811865475 0.7071067811865475 0.0
actors.Brick src/images/brick8.gif 80 30 800 100 0.7071067811865475 0.7071067811865475 0.0
actors.Ball src\resources\2150_lightning.jpg 20 20 218 386 -0.7071067811865476 0.7071067811865476 10.0
actors.Ball src\resources\2150_lightning.jpg 20 20 27 428 0.7071067811865476 0.7071067811865476 10.0
actors.BottomWall src/images/brick3.gif 960 16 480 666 0.7071067811865475 0.7071067811865475 0.0
actors.ShrinkPowerup src/images/shrinkpowerup.gif 16 16 300 520 0.0 1.0 5.0
update
actors.Ball src/images/ball.gif 16 16 14 -40 -0.7071067811865476 -0.7071067811865476 10.0
actors.Paddle src/images/paddle.gif 80 16 580 600 0.7071067811865475 0.7071067811865475 0.0
actors.Brick src/images/brick2.gif 80 30 200 100 0.7071067811865475 0.7071067811865475 0.0
actors.Brick src/images/brick4.gif 80 30 400 100 0.7071067811865475 0.7071067811865475 0.0
actors.Brick src/images/brick5.gif 80 30 500 100 0.7071067811865475 0.7071067811865475 0.0
actors.Brick src/images/brick6.gif 80 30 600 100 0.7071067811865475 0.7071067811865475 0.0
actors.Brick src/images/brick7.gif 80 30 700 100 0.7071067811865475 0.7071067811865475 0.0
actors.Brick src/images/brick8.gif 80 30 800 100 0.7071067811865475 0.7071067811865475 0.0
actors.Ball src\resources\2150_lightning.jpg 20 20 210 393 -0.7071067811865476 0.7071067811865476 10.0
actors.Ball src\resources\2150_lightning.jpg 20 20 34 435 0.7071067811865476 0.7071067811865476 10.0
actors.BottomWall src/images/brick3.gif 960 16 480 666 0.7071067811865475 0.7071067811865475 0.0
actors.ShrinkPowerup src/images/shrinkpowerup.gif 16 16 300 530 0.0 1.0 5.0
update
actors.Ball src/images/ball.gif 16 16 6 -47 -0.7071067811865476 -0.7071067811865476 10.0
actors.Paddle src/images/paddle.gif 80 16 580 600 0.7071067811865475 0.7071067811865475 0.0
actors.Brick src/images/brick2.gif 80 30 200 100 0.7071067811865475 0.7071067811865475 0.0
actors.Brick src/images/brick4.gif 80 30 400 100 0.7071067811865475 0.7071067811865475 0.0
actors.Brick src/images/brick5.gif 80 30 500 100 0.7071067811865475 0.7071067811865475 0.0
actors.Brick src/images/brick6.gif 80 30 600 100 0.7071067811865475 0.7071067811865475 0.0
actors.Brick src/images/brick7.gif 80 30 700 100 0.7071067811865475 0.7071067811865475 0.0
actors.Brick src/images/brick8.gif 80 30 800 100 0.7071067811865475 0.7071067811865475 0.0
actors.Ball src\resources\2150_lightning.jpg 20 20 202 400 -0.7071067811865476 0.7071067811865476 10.0
actors.Ball src\resources\2150_lightning.jpg 20 20 41 442 0.7071067811865476 0.7071067811865476 10.0
actors.BottomWall src/images/brick3.gif 960 16 480 666 0.7071067811865475 0.7071067811865475 0.0
actors.ShrinkPowerup src/images/shrinkpowerup.gif 16 16 300 540 0.0 1.0 5.0
update
actors.Ball src/images/ball.gif 16 16 -1 -54 -0.7071067811865476 -0.7071067811865476 10.0
actors.Paddle src/images/paddle.gif 80 16 580 600 0.7071067811865475 0.7071067811865475 0.0
actors.Brick src/images/brick2.gif 80 30 200 100 0.7071067811865475 0.7071067811865475 0.0
actors.Brick src/images/brick4.gif 80 30 400 100 0.7071067811865475 0.7071067811865475 0.0
actors.Brick src/images/brick5.gif 80 30 500 100 0.7071067811865475 0.7071067811865475 0.0
actors.Brick src/images/brick6.gif 80 30 600 100 0.7071067811865475 0.7071067811865475 0.0
actors.Brick src/images/brick7.gif 80 30 700 100 0.7071067811865475 0.7071067811865475 0.0
actors.Brick src/images/brick8.gif 80 30 800 100 0.7071067811865475 0.7071067811865475 0.0
actors.Ball src\resources\2150_lightning.jpg 20 20 194 407 -0.7071067811865476 0.7071067811865476 10.0
actors.Ball src\resources\2150_lightning.jpg 20 20 48 449 0.7071067811865476 0.7071067811865476 10.0
actors.BottomWall src/images/brick3.gif 960 16 480 666 0.7071067811865475 0.7071067811865475 0.0
actors.ShrinkPowerup src/images/shrinkpowerup.gif 16 16 300 550 0.0 1.0 5.0
update
actors.Ball src/images/ball.gif 16 16 -8 -61 -0.7071067811865476 -0.7071067811865476 10.0
actors.Paddle src/images/paddle.gif 80 16 580 600 0.7071067811865475 0.7071067811865475 0.0
actors.Brick src/images/brick2.gif 80 30 200 100 0.7071067811865475 0.7071067811865475 0.0
actors.Brick src/images/brick4.gif 80 30 400 100 0.7071067811865475 0.7071067811865475 0.0
actors.Brick src/images/brick5.gif 80 30 500 100 0.7071067811865475 0.7071067811865475 0.0
actors.Brick src/images/brick6.gif 80 30 600 100 0.7071067811865475 0.7071067811865475 0.0
actors.Brick src/images/brick7.gif 80 30 700 100 0.7071067811865475 0.7071067811865475 0.0
actors.Brick src/images/brick8.gif 80 30 800 100 0.7071067811865475 0.7071067811865475 0.0
actors.Ball src\resources\2150_lightning.jpg 20 20 186 414 -0.7071067811865476 0.7071067811865476 10.0
actors.Ball src\resources\2150_lightning.jpg 20 20 55 456 0.7071067811865476 0.7071067811865476 10.0
actors.BottomWall src/images/brick3.gif 960 16 480 666 0.7071067811865475 0.7071067811865475 0.0
actors.ShrinkPowerup src/images/shrinkpowerup.gif 16 16 300 560 0.0 1.0 5.0
update
actors.Ball src/images/ball.gif 16 16 -15 -68 -0.7071067811865476 -0.7071067811865476 10.0
actors.Paddle src/images/paddle.gif 80 16 580 600 0.7071067811865475 0.7071067811865475 0.0
actors.Brick src/images/brick2.gif 80 30 200 100 0.7071067811865475 0.7071067811865475 0.0
actors.Brick src/images/brick4.gif 80 30 400 100 0.7071067811865475 0.7071067811865475 0.0
actors.Brick src/images/brick5.gif 80 30 500 100 0.7071067811865475 0.7071067811865475 0.0
actors.Brick src/images/brick6.gif 80 30 600 100 0.7071067811865475 0.7071067811865475 0.0
actors.Brick src/images/brick7.gif 80 30 700 100 0.7071067811865475 0.7071067811865475 0.0
actors.Brick src/images/brick8.gif 80 30 800 100 0.7071067811865475 0.7071067811865475 0.0
actors.Ball src\resources\2150_lightning.jpg 20 20 178 421 -0.7071067811865476 0.7071067811865476 10.0
actors.Ball src\resources\2150_lightning.jpg 20 20 62 463 0.7071067811865476 0.7071067811865476 10.0
actors.BottomWall src/images/brick3.gif 960 16 480 666 0.7071067811865475 0.7071067811865475 0.0
actors.ShrinkPowerup src/images/shrinkpowerup.gif 16 16 300 570 0.0 1.0 5.0
update
actors.Ball src/images/ball.gif 16 16 -22 -75 -0.7071067811865476 -0.7071067811865476 10.0
actors.Paddle src/images/paddle.gif 80 16 580 600 0.7071067811865475 0.7071067811865475 0.0
actors.Brick src/images/brick2.gif 80 30 200 100 0.7071067811865475 0.7071067811865475 0.0
actors.Brick src/images/brick4.gif 80 30 400 100 0.7071067811865475 0.7071067811865475 0.0
actors.Brick src/images/brick5.gif 80 30 500 100 0.7071067811865475 0.7071067811865475 0.0
actors.Brick src/images/brick6.gif 80 30 600 100 0.7071067811865475 0.7071067811865475 0.0
actors.Brick src/images/brick7.gif 80 30 700 100 0.7071067811865475 0.7071067811865475 0.0
actors.Brick src/images/brick8.gif 80 30 800 100 0.7071067811865475 0.7071067811865475 0.0
actors.Ball src\resources\2150_lightning.jpg 20 20 170 428 -0.7071067811865476 0.7071067811865476 10.0
actors.Ball src\resources\2150_lightning.jpg 20 20 69 470 0.7071067811865476 0.7071067811865476 10.0
actors.BottomWall src/images/brick3.gif 960 16 480 666 0.7071067811865475 0.7071067811865475 0.0
actors.ShrinkPowerup src/images/shrinkpowerup.gif 16 16 300 580 0.0 1.0 5.0
