actors.Ball src/images/ball.gif 16 16 202 52 0.7071067811865476 0.7071067811865476 10.0
actors.Paddle src/images/paddle.gif 80 16 580 600 0.7071067811865475 0.7071067811865475 0.0
actors.Brick src/images/brick3.gif 80 30 300 100 0.7071067811865475 0.7071067811865475 0.0
actors.Brick src/images/brick4.gif 80 30 400 100 0.7071067811865475 0.7071067811865475 0.0
actors.Brick src/images/brick5.gif 80 30 500 100 0.7071067811865475 0.7071067811865475 0.0
actors.Brick src/images/brick6.gif 80 30 600 100 0.7071067811865475 0.7071067811865475 0.0
actors.Brick src/images/brick7.gif 80 30 700 100 0.7071067811865475 0.7071067811865475 0.0
actors.Brick src/images/brick8.gif 80 30 800 100 0.7071067811865475 0.7071067811865475 0.0
actors.BottomWall src/images/brick3.gif 960 16 480 666 0.7071067811865476 0.7071067811865476 0.0
actors.BottomWall src/images/brick3.gif 960 16 480 666 0.7071067811865475 0.7071067811865475 0.0
update
actors.Ball src/images/ball.gif 16 16 209 59 0.7071067811865476 0.7071067811865476 10.0
actors.Paddle src/images/paddle.gif 80 16 580 600 0.7071067811865475 0.7071067811865475 0.0
actors.Brick src/images/brick3.gif 80 30 300 100 0.7071067811865475 0.7071067811865475 0.0
actors.Brick src/images/brick4.gif 80 30 400 100 0.7071067811865475 0.7071067811865475 0.0
actors.Brick src/images/brick5.gif 80 30 500 100 0.7071067811865475 0.7071067811865475 0.0
actors.Brick src/images/brick6.gif 80 30 600 100 0.7071067811865475 0.7071067811865475 0.0
actors.Brick src/images/brick7.gif 80 30 700 100 0.7071067811865475 0.7071067811865475 0.0
actors.Brick src/images/brick8.gif 80 30 800 100 0.7071067811865475 0.7071067811865475 0.0
actors.BottomWall src/images/brick3.gif 960 16 480 666 0.7071067811865476 0.7071067811865476 0.0
actors.BottomWall src/images/brick3.gif 960 16 480 666 0.7071067811865475 0.7071067811865475 0.0
update
actors.Ball src/images/ball.gif 16 16 216 66 0.7071067811865476 0.7071067811865476 10.0
actors.Paddle src/images/paddle.gif 80 16 580 600 0.7071067811865475 0.7071067811865475 0.0
actors.Brick src/images/brick3.gif 80 30 300 100 0.7071067811865475 0.7071067811865475 0.0
actors.Brick src/images/brick4.gif 80 30 400 100 0.7071067811865475 0.7071067811865475 0.0
actors.Brick src/images/brick5.gif 80 30 500 100 0.7071067811865475 0.7071067811865475 0.0
actors.Brick src/images/brick6.gif 80 30 600 100 0.7071067811865475 0.7071067811865475 0.0
actors.Brick src/images/brick7.gif 80 30 700 100 0.7071067811865475 0.7071067811865475 0.0
actors.Brick src/images/brick8.gif 80 30 800 100 0.7071067811865475 0.7071067811865475 0.0
actors.BottomWall src/images/brick3.gif 960 16 480 666 0.7071067811865476 0.7071067811865476 0.0
actors.BottomWall src/images/brick3.gif 960 16 480 666 0.7071067811865475 0.7071067811865475 0.0
update
actors.Ball src/images/ball.gif 16 16 223 73 0.7071067811865476 0.7071067811865476 10.0
actors.Paddle src/images/paddle.gif 80 16 580 600 0.7071067811865475 0.7071067811865475 0.0
actors.Brick src/images/brick3.gif 80 30 300 100 0.7071067811865475 0.7071067811865475 0.0
actors.Brick src/images/brick4.gif 80 30 400 100 0.7071067811865475 0.7071067811865475 0.0
actors.Brick src/images/brick5.gif 80 30 500 100 0.7071067811865475 0.7071067811865475 0.0
actors.Brick src/images/brick6.gif 80 30 600 100 0.7071067811865475 0.7071067811865475 0.0
actors.Brick src/images/brick7.gif 80 30 700 100 0.7071067811865475 0.7071067811865475 0.0
actors.Brick src/images/brick8.gif 80 30 800 100 0.7071067811865475 0.7071067811865475 0.0
actors.BottomWall src/images/brick3.gif 960 16 480 666 0.7071067811865476 0.7071067811865476 0.0
actors.BottomWall src/images/brick3.gif 960 16 480 666 0.7071067811865475 0.7071067811865475 0.0
update
actors.Ball src/images/ball.gif 16 16 230 80 0.7071067811865476 0.7071067811865476 10.0
actors.Paddle src/images/paddle.gif 80 16 580 600 0.7071067811865475 0.7071067811865475 0.0
actors.Brick src/images/brick3.gif 80 30 300 100 0.7071067811865475 0.7071067811865475 0.0
actors.Brick src/images/brick4.gif 80 30 400 100 0.7071067811865475 0.7071067811865475 0.0
actors.Brick src/images/brick5.gif 80 30 500 100 0.7071067811865475 0.7071067811865475 0.0
actors.Brick src/images/brick6.gif 80 30 600 100 0.7071067811865475 0.7071067811865475 0.0
actors.Brick src/images/brick7.gif 80 30 700 100 0.7071067811865475 0.7071067811865475 0.0
actors.Brick src/images/brick8.gif 80 30 800 100 0.7071067811865475 0.7071067811865475 0.0
actors.BottomWall src/images/brick3.gif 960 16 480 666 0.7071067811865476 0.7071067811865476 0.0
actors.BottomWall src/images/brick3.gif 960 16 480 666 0.7071067811865475 0.7071067811865475 0.0
update
actors.Ball src/images/ball.gif 16 16 237 87 0.7071067811865476 0.7071067811865476 10.0
actors.Paddle src/images/paddle.gif 80 16 580 600 0.7071067811865475 0.7071067811865475 0.0
actors.Brick src/images/brick3.gif 80 30 300 100 0.7071067811865475 0.7071067811865475 0.0
actors.Brick src/images/brick4.gif 80 30 400 100 0.7071067811865475 0.7071067811865475 0.0
actors.Brick src/images/brick5.gif 80 30 500 100 0.7071067811865475 0.7071067811865475 0.0
actors.Brick src/images/brick6.gif 80 30 600 100 0.7071067811865475 0.7071067811865475 0.0
actors.Brick src/images/brick7.gif 80 30 700 100 0.7071067811865475 0.7071067811865475 0.0
actors.Brick src/images/brick8.gif 80 30 800 100 0.7071067811865475 0.7071067811865475 0.0
actors.BottomWall src/images/brick3.gif 960 16 480 666 0.7071067811865476 0.7071067811865476 0.0
actors.BottomWall src/images/brick3.gif 960 16 480 666 0.7071067811865475 0.7071067811865475 0.0
update
actors.Ball src/images/ball.gif 16 16 244 94 0.7071067811865476 0.7071067811865476 10.0
actors.Paddle src/images/paddle.gif 80 16 580 600 0.7071067811865475 0.7071067811865475 0.0
actors.Brick src/images/brick3.gif 80 30 300 100 0.7071067811865475 0.7071067811865475 0.0
actors.Brick src/images/brick4.gif 80 30 400 100 0.7071067811865475 0.7071067811865475 0.0
actors.Brick src/images/brick5.gif 80 30 500 100 0.7071067811865475 0.7071067811865475 0.0
actors.Brick src/images/brick6.gif 80 30 600 100 0.7071067811865475 0.7071067811865475 0.0
actors.Brick src/images/brick7.gif 80 30 700 100 0.7071067811865475 0.7071067811865475 0.0
actors.Brick src/images/brick8.gif 80 30 800 100 0.7071067811865475 0.7071067811865475 0.0
actors.BottomWall src/images/brick3.gif 960 16 480 666 0.7071067811865476 0.7071067811865476 0.0
actors.BottomWall src/images/brick3.gif 960 16 480 666 0.7071067811865475 0.7071067811865475 0.0
update
actors.Ball src/images/ball.gif 16 16 251 101 0.7071067811865476 0.7071067811865476 10.0
actors.Paddle src/images/paddle.gif 80 16 580 600 0.7071067811865475 0.7071067811865475 0.0
actors.Brick src/images/brick3.gif 80 30 300 100 0.7071067811865475 0.7071067811865475 0.0
actors.Brick src/images/brick4.gif 80 30 400 100 0.7071067811865475 0.7071067811865475 0.0
actors.Brick src/images/brick5.gif 80 30 500 100 0.7071067811865475 0.7071067811865475 0.0
actors.Brick src/images/brick6.gif 80 30 600 100 0.7071067811865475 0.7071067811865475 0.0
actors.Brick src/images/brick7.gif 80 30 700 100 0.7071067811865475 0.7071067811865475 0.0
actors.Brick src/images/brick8.gif 80 30 800 100 0.7071067811865475 0.7071067811865475 0.0
actors.BottomWall src/images/brick3.gif 960 16 480 666 0.7071067811865476 0.7071067811865476 0.0
actors.BottomWall src/images/brick3.gif 960 16 480 666 0.7071067811865475 0.7071067811865475 0.0
update
actors.Ball src/images/ball.gif 16 16 250 115 -0.7071067811865476 0.7071067811865476 10.0
actors.Paddle src/images/paddle.gif 80 16 580 600 0.7071067811865475 0.7071067811865475 0.0
actors.Brick src/images/brick4.gif 80 30 400 100 0.7071067811865475 0.7071067811865475 0.0
actors.Brick src/images/brick5.gif 80 30 500 100 0.7071067811865475 0.7071067811865475 0.0
actors.Brick src/images/brick6.gif 80 30 600 100 0.7071067811865475 0.7071067811865475 0.0
actors.Brick src/images/brick7.gif 80 30 700 100 0.7071067811865475 0.7071067811865475 0.0
actors.Brick src/images/brick8.gif 80 30 800 100 0.7071067811865475 0.7071067811865475 0.0
actors.BottomWall src/images/brick3.gif 960 16 480 666 0.7071067811865476 0.7071067811865476 0.0
actors.BottomWall src/images/brick3.gif 960 16 480 666 0.7071067811865475 0.7071067811865475 0.0
update
actors.Ball src/images/ball.gif 16 16 242 122 -0.7071067811865476 0.7071067811865476 10.0
actors.Paddle src/images/paddle.gif 80 16 580 600 0.7071067811865475 0.7071067811865475 0.0
actors.Brick src/images/brick4.gif 80 30 400 100 0.7071067811865475 0.7071067811865475 0.0
actors.Brick src/images/brick5.gif 80 30 500 100 0.7071067811865475 0.7071067811865475 0.0
actors.Brick src/images/brick6.gif 80 30 600 100 0.7071067811865475 0.7071067811865475 0.0
actors.Brick src/images/brick7.gif 80 30 700 100 0.7071067811865475 0.7071067811865475 0.0
actors.Brick src/images/brick8.gif 80 30 800 100 0.7071067811865475 0.7071067811865475 0.0
actors.BottomWall src/images/brick3.gif 960 16 480 666 0.7071067811865476 0.7071067811865476 0.0
actors.BottomWall src/images/brick3.gif 960 16 480 666 0.7071067811865475 0.7071067811865475 0.0
update
actors.Ball src/images/ball.gif 16 16 234 129 -0.7071067811865476 0.7071067811865476 10.0
actors.Paddle src/images/paddle.gif 80 16 580 600 0.7071067811865475 0.7071067811865475 0.0
actors.Brick src/images/brick4.gif 80 30 400 100 0.7071067811865475 0.7071067811865475 0.0
actors.Brick src/images/brick5.gif 80 30 500 100 0.7071067811865475 0.7071067811865475 0.0
actors.Brick src/images/brick6.gif 80 30 600 100 0.7071067811865475 0.7071067811865475 0.0
actors.Brick src/images/brick7.gif 80 30 700 100 0.7071067811865475 0.7071067811865475 0.0
actors.Brick src/images/brick8.gif 80 30 800 100 0.7071067811865475 0.7071067811865475 0.0
actors.BottomWall src/images/brick3.gif 960 16 480 666 0.7071067811865476 0.7071067811865476 0.0
actors.BottomWall src/images/brick3.gif 960 16 480 666 0.7071067811865475 0.7071067811865475 0.0
update
actors.Ball src/images/ball.gif 16 16 226 136 -0.7071067811865476 0.7071067811865476 10.0
actors.Paddle src/images/paddle.gif 80 16 580 600 0.7071067811865475 0.7071067811865475 0.0
actors.Brick src/images/brick4.gif 80 30 400 100 0.7071067811865475 0.7071067811865475 0.0
actors.Brick src/images/brick5.gif 80 30 500 100 0.7071067811865475 0.7071067811865475 0.0
actors.Brick src/images/brick6.gif 80 30 600 100 0.7071067811865475 0.7071067811865475 0.0
actors.Brick src/images/brick7.gif 80 30 700 100 0.7071067811865475 0.7071067811865475 0.0
actors.Brick src/images/brick8.gif 80 30 800 100 0.7071067811865475 0.7071067811865475 0.0
actors.BottomWall src/images/brick3.gif 960 16 480 666 0.7071067811865476 0.7071067811865476 0.0
actors.BottomWall src/images/brick3.gif 960 16 480 666 0.7071067811865475 0.7071067811865475 0.0
update
actors.Ball src/images/ball.gif 16 16 218 143 -0.7071067811865476 0.7071067811865476 10.0
actors.Paddle src/images/paddle.gif 80 16 580 600 0.7071067811865475 0.7071067811865475 0.0
actors.Brick src/images/brick4.gif 80 30 400 100 0.7071067811865475 0.7071067811865475 0.0
actors.Brick src/images/brick5.gif 80 30 500 100 0.7071067811865475 0.7071067811865475 0.0
actors.Brick src/images/brick6.gif 80 30 600 100 0.7071067811865475 0.7071067811865475 0.0
actors.Brick src/images/brick7.gif 80 30 700 100 0.7071067811865475 0.7071067811865475 0.0
actors.Brick src/images/brick8.gif 80 30 800 100 0.7071067811865475 0.7071067811865475 0.0
actors.BottomWall src/images/brick3.gif 960 16 480 666 0.7071067811865476 0.7071067811865476 0.0
actors.BottomWall src/images/brick3.gif 960 16 480 666 0.7071067811865475 0.7071067811865475 0.0
update
actors.Ball src/images/ball.gif 16 16 210 150 -0.7071067811865476 0.7071067811865476 10.0
actors.Paddle src/images/paddle.gif 80 16 580 600 0.7071067811865475 0.7071067811865475 0.0
actors.Brick src/images/brick4.gif 80 30 400 100 0.7071067811865475 0.7071067811865475 0.0
actors.Brick src/images/brick5.gif 80 30 500 100 0.7071067811865475 0.7071067811865475 0.0
actors.Brick src/images/brick6.gif 80 30 600 100 0.7071067811865475 0.7071067811865475 0.0
actors.Brick src/images/brick7.gif 80 30 700 100 0.7071067811865475 0.7071067811865475 0.0
actors.Brick src/images/brick8.gif 80 30 800 100 0.7071067811865475 0.7071067811865475 0.0
actors.BottomWall src/images/brick3.gif 960 16 480 666 0.7071067811865476 0.7071067811865476 0.0
actors.BottomWall src/images/brick3.gif 960 16 480 666 0.7071067811865475 0.7071067811865475 0.0
update
actors.Ball src/images/ball.gif 16 16 202 157 -0.7071067811865476 0.7071067811865476 10.0
actors.Paddle src/images/paddle.gif 80 16 580 600 0.7071067811865475 0.7071067811865475 0.0
actors.Brick src/images/brick4.gif 80 30 400 100 0.7071067811865475 0.7071067811865475 0.0
actors.Brick src/images/brick5.gif 80 30 500 100 0.7071067811865475 0.7071067811865475 0.0
actors.Brick src/images/brick6.gif 80 30 600 100 0.7071067811865475 0.7071067811865475 0.0
actors.Brick src/images/brick7.gif 80 30 700 100 0.7071067811865475 0.7071067811865475 0.0
actors.Brick src/images/brick8.gif 80 30 800 100 0.7071067811865475 0.7071067811865475 0.0
actors.BottomWall src/images/brick3.gif 960 16 480 666 0.7071067811865476 0.7071067811865476 0.0
actors.BottomWall src/images/brick3.gif 960 16 480 666 0.7071067811865475 0.7071067811865475 0.0
update
actors.Ball src/images/ball.gif 16 16 194 164 -0.7071067811865476 0.7071067811865476 10.0
actors.Paddle src/images/paddle.gif 80 16 580 600 0.7071067811865475 0.7071067811865475 0.0
actors.Brick src/images/brick4.gif 80 30 400 100 0.7071067811865475 0.7071067811865475 0.0
actors.Brick src/images/brick5.gif 80 30 500 100 0.7071067811865475 0.7071067811865475 0.0
actors.Brick src/images/brick6.gif 80 30 600 100 0.7071067811865475 0.7071067811865475 0.0
actors.Brick src/images/brick7.gif 80 30 700 100 0.7071067811865475 0.7071067811865475 0.0
actors.Brick src/images/brick8.gif 80 30 800 100 0.7071067811865475 0.7071067811865475 0.0
actors.BottomWall src/images/brick3.gif 960 16 480 666 0.7071067811865476 0.7071067811865476 0.0
actors.BottomWall src/images/brick3.gif 960 16 480 666 0.7071067811865475 0.7071067811865475 0.0
update
actors.Ball src/images/ball.gif 16 16 186 171 -0.7071067811865476 0.7071067811865476 10.0
actors.Paddle src/images/paddle.gif 80 16 580 600 0.7071067811865475 0.7071067811865475 0.0
actors.Brick src/images/brick4.gif 80 30 400 100 0.7071067811865475 0.7071067811865475 0.0
actors.Brick src/images/brick5.gif 80 30 500 100 0.7071067811865475 0.7071067811865475 0.0
actors.Brick src/images/brick6.gif 80 30 600 100 0.7071067811865475 0.7071067811865475 0.0
actors.Brick src/images/brick7.gif 80 30 700 100 0.7071067811865475 0.7071067811865475 0.0
actors.Brick src/images/brick8.gif 80 30 800 100 0.7071067811865475 0.7071067811865475 0.0
actors.BottomWall src/images/brick3.gif 960 16 480 666 0.7071067811865476 0.7071067811865476 0.0
actors.BottomWall src/images/brick3.gif 960 16 480 666 0.7071067811865475 0.7071067811865475 0.0
update
actors.Ball src/images/ball.gif 16 16 178 178 -0.7071067811865476 0.7071067811865476 10.0
actors.Paddle src/images/paddle.gif 80 16 580 600 0.7071067811865475 0.7071067811865475 0.0
actors.Brick src/images/brick4.gif 80 30 400 100 0.7071067811865475 0.7071067811865475 0.0
actors.Brick src/images/brick5.gif 80 30 500 100 0.7071067811865475 0.7071067811865475 0.0
actors.Brick src/images/brick6.gif 80 30 600 100 0.7071067811865475 0.7071067811865475 0.0
actors.Brick src/images/brick7.gif 80 30 700 100 0.7071067811865475 0.7071067811865475 0.0
actors.Brick src/images/brick8.gif 80 30 800 100 0.7071067811865475 0.7071067811865475 0.0
actors.BottomWall src/images/brick3.gif 960 16 480 666 0.7071067811865476 0.7071067811865476 0.0
actors.BottomWall src/images/brick3.gif 960 16 480 666 0.7071067811865475 0.7071067811865475 0.0
update
actors.Ball src/images/ball.gif 16 16 170 185 -0.7071067811865476 0.7071067811865476 10.0
actors.Paddle src/images/paddle.gif 80 16 580 600 0.7071067811865475 0.7071067811865475 0.0
actors.Brick src/images/brick4.gif 80 30 400 100 0.7071067811865475 0.7071067811865475 0.0
actors.Brick src/images/brick5.gif 80 30 500 100 0.7071067811865475 0.7071067811865475 0.0
actors.Brick src/images/brick6.gif 80 30 600 100 0.7071067811865475 0.7071067811865475 0.0
actors.Brick src/images/brick7.gif 80 30 700 100 0.7071067811865475 0.7071067811865475 0.0
actors.Brick src/images/brick8.gif 80 30 800 100 0.7071067811865475 0.7071067811865475 0.0
actors.BottomWall src/images/brick3.gif 960 16 480 666 0.7071067811865476 0.7071067811865476 0.0
actors.BottomWall src/images/brick3.gif 960 16 480 666 0.7071067811865475 0.7071067811865475 0.0
update
actors.Ball src/images/ball.gif 16 16 162 192 -0.7071067811865476 0.7071067811865476 10.0
actors.Paddle src/images/paddle.gif 80 16 580 600 0.7071067811865475 0.7071067811865475 0.0
actors.Brick src/images/brick4.gif 80 30 400 100 0.7071067811865475 0.7071067811865475 0.0
actors.Brick src/images/brick5.gif 80 30 500 100 0.7071067811865475 0.7071067811865475 0.0
actors.Brick src/images/brick6.gif 80 30 600 100 0.7071067811865475 0.7071067811865475 0.0
actors.Brick src/images/brick7.gif 80 30 700 100 0.7071067811865475 0.7071067811865475 0.0
actors.Brick src/images/brick8.gif 80 30 800 100 0.7071067811865475 0.7071067811865475 0.0
actors.BottomWall src/images/brick3.gif 960 16 480 666 0.7071067811865476 0.7071067811865476 0.0
actors.BottomWall src/images/brick3.gif 960 16 480 666 0.7071067811865475 0.7071067811865475 0.0
update
actors.Ball src/images/ball.gif 16 16 154 199 -0.7071067811865476 0.7071067811865476 10.0
actors.Paddle src/images/paddle.gif 80 16 580 600 0.7071067811865475 0.7071067811865475 0.0
actors.Brick src/images/brick4.gif 80 30 400 100 0.7071067811865475 0.7071067811865475 0.0
actors.Brick src/images/brick5.gif 80 30 500 100 0.7071067811865475 0.7071067811865475 0.0
actors.Brick src/images/brick6.gif 80 30 600 100 0.7071067811865475 0.7071067811865475 0.0
actors.Brick src/images/brick7.gif 80 30 700 100 0.7071067811865475 0.7071067811865475 0.0
actors.Brick src/images/brick8.gif 80 30 800 100 0.7071067811865475 0.7071067811865475 0.0
actors.BottomWall src/images/brick3.gif 960 16 480 666 0.7071067811865476 0.7071067811865476 0.0
actors.BottomWall src/images/brick3.gif 960 16 480 666 0.7071067811865475 0.7071067811865475 0.0
update
actors.Ball src/images/ball.gif 16 16 146 206 -0.7071067811865476 0.7071067811865476 10.0
actors.Paddle src/images/paddle.gif 80 16 580 600 0.7071067811865475 0.7071067811865475 0.0
actors.Brick src/images/brick4.gif 80 30 400 100 0.7071067811865475 0.7071067811865475 0.0
actors.Brick src/images/brick5.gif 80 30 500 100 0.7071067811865475 0.7071067811865475 0.0
actors.Brick src/images/brick6.gif 80 30 600 100 0.7071067811865475 0.7071067811865475 0.0
actors.Brick src/images/brick7.gif 80 30 700 100 0.7071067811865475 0.7071067811865475 0.0
actors.Brick src/images/brick8.gif 80 30 800 100 0.7071067811865475 0.7071067811865475 0.0
actors.BottomWall src/images/brick3.gif 960 16 480 666 0.7071067811865476 0.7071067811865476 0.0
actors.BottomWall src/images/brick3.gif 960 16 480 666 0.7071067811865475 0.7071067811865475 0.0
update
actors.Ball src/images/ball.gif 16 16 138 213 -0.7071067811865476 0.7071067811865476 10.0
actors.Paddle src/images/paddle.gif 80 16 580 600 0.7071067811865475 0.7071067811865475 0.0
actors.Brick src/images/brick4.gif 80 30 400 100 0.7071067811865475 0.7071067811865475 0.0
actors.Brick src/images/brick5.gif 80 30 500 100 0.7071067811865475 0.7071067811865475 0.0
actors.Brick src/images/brick6.gif 80 30 600 100 0.7071067811865475 0.7071067811865475 0.0
actors.Brick src/images/brick7.gif 80 30 700 100 0.7071067811865475 0.7071067811865475 0.0
actors.Brick src/images/brick8.gif 80 30 800 100 0.7071067811865475 0.7071067811865475 0.0
actors.BottomWall src/images/brick3.gif 960 16 480 666 0.7071067811865476 0.7071067811865476 0.0
actors.BottomWall src/images/brick3.gif 960 16 480 666 0.7071067811865475 0.7071067811865475 0.0
update
actors.Ball src/images/ball.gif 16 16 130 220 -0.7071067811865476 0.7071067811865476 10.0
actors.Paddle src/images/paddle.gif 80 16 580 600 0.7071067811865475 0.7071067811865475 0.0
actors.Brick src/images/brick4.gif 80 30 400 100 0.7071067811865475 0.7071067811865475 0.0
actors.Brick src/images/brick5.gif 80 30 500 100 0.7071067811865475 0.7071067811865475 0.0
actors.Brick src/images/brick6.gif 80 30 600 100 0.7071067811865475 0.7071067811865475 0.0
actors.Brick src/images/brick7.gif 80 30 700 100 0.7071067811865475 0.7071067811865475 0.0
actors.Brick src/images/brick8.gif 80 30 800 100 0.7071067811865475 0.7071067811865475 0.0
actors.BottomWall src/images/brick3.gif 960 16 480 666 0.7071067811865476 0.7071067811865476 0.0
actors.BottomWall src/images/brick3.gif 960 16 480 666 0.7071067811865475 0.7071067811865475 0.0
update
actors.Ball src/images/ball.gif 16 16 122 227 -0.7071067811865476 0.7071067811865476 10.0
actors.Paddle src/images/paddle.gif 80 16 580 600 0.7071067811865475 0.7071067811865475 0.0
actors.Brick src/images/brick4.gif 80 30 400 100 0.7071067811865475 0.7071067811865475 0.0
actors.Brick src/images/brick5.gif 80 30 500 100 0.7071067811865475 0.7071067811865475 0.0
actors.Brick src/images/brick6.gif 80 30 600 100 0.7071067811865475 0.7071067811865475 0.0
actors.Brick src/images/brick7.gif 80 30 700 100 0.7071067811865475 0.7071067811865475 0.0
actors.Brick src/images/brick8.gif 80 30 800 100 0.7071067811865475 0.7071067811865475 0.0
actors.BottomWall src/images/brick3.gif 960 16 480 666 0.7071067811865476 0.7071067811865476 0.0
actors.BottomWall src/images/brick3.gif 960 16 480 666 0.7071067811865475 0.7071067811865475 0.0
update
actors.Ball src/images/ball.gif 16 16 114 234 -0.7071067811865476 0.7071067811865476 10.0
actors.Paddle src/images/paddle.gif 80 16 580 600 0.7071067811865475 0.7071067811865475 0.0
actors.Brick src/images/brick4.gif 80 30 400 100 0.7071067811865475 0.7071067811865475 0.0
actors.Brick src/images/brick5.gif 80 30 500 100 0.7071067811865475 0.7071067811865475 0.0
actors.Brick src/images/brick6.gif 80 30 600 100 0.7071067811865475 0.7071067811865475 0.0
actors.Brick src/images/brick7.gif 80 30 700 100 0.7071067811865475 0.7071067811865475 0.0
actors.Brick src/images/brick8.gif 80 30 800 100 0.7071067811865475 0.7071067811865475 0.0
actors.BottomWall src/images/brick3.gif 960 16 480 666 0.7071067811865476 0.7071067811865476 0.0
actors.BottomWall src/images/brick3.gif 960 16 480 666 0.7071067811865475 0.7071067811865475 0.0
update
actors.Ball src/images/ball.gif 16 16 106 241 -0.7071067811865476 0.7071067811865476 10.0
actors.Paddle src/images/paddle.gif 80 16 580 600 0.7071067811865475 0.7071067811865475 0.0
actors.Brick src/images/brick4.gif 80 30 400 100 0.7071067811865475 0.7071067811865475 0.0
actors.Brick src/images/brick5.gif 80 30 500 100 0.7071067811865475 0.7071067811865475 0.0
actors.Brick src/images/brick6.gif 80 30 600 100 0.7071067811865475 0.7071067811865475 0.0
actors.Brick src/images/brick7.gif 80 30 700 100 0.7071067811865475 0.7071067811865475 0.0
actors.Brick src/images/brick8.gif 80 30 800 100 0.7071067811865475 0.7071067811865475 0.0
actors.BottomWall src/images/brick3.gif 960 16 480 666 0.7071067811865476 0.7071067811865476 0.0
actors.BottomWall src/images/brick3.gif 960 16 480 666 0.7071067811865475 0.7071067811865475 0.0
update
actors.Ball src/images/ball.gif 16 16 98 248 -0.7071067811865476 0.7071067811865476 10.0
actors.Paddle src/images/paddle.gif 80 16 580 600 0.7071067811865475 0.7071067811865475 0.0
actors.Brick src/images/brick4.gif 80 30 400 100 0.7071067811865475 0.7071067811865475 0.0
actors.Brick src/images/brick5.gif 80 30 500 100 0.7071067811865475 0.7071067811865475 0.0
actors.Brick src/images/brick6.gif 80 30 600 100 0.7071067811865475 0.7071067811865475 0.0
actors.Brick src/images/brick7.gif 80 30 700 100 0.7071067811865475 0.7071067811865475 0.0
actors.Brick src/images/brick8.gif 80 30 800 100 0.7071067811865475 0.7071067811865475 0.0
actors.BottomWall src/images/brick3.gif 960 16 480 666 0.7071067811865476 0.7071067811865476 0.0
actors.BottomWall src/images/brick3.gif 960 16 480 666 0.7071067811865475 0.7071067811865475 0.0
update
actors.Ball src/images/ball.gif 16 16 90 255 -0.7071067811865476 0.7071067811865476 10.0
actors.Paddle src/images/paddle.gif 80 16 580 600 0.7071067811865475 0.7071067811865475 0.0
actors.Brick src/images/brick4.gif 80 30 400 100 0.7071067811865475 0.7071067811865475 0.0
actors.Brick src/images/brick5.gif 80 30 500 100 0.7071067811865475 0.7071067811865475 0.0
actors.Brick src/images/brick6.gif 80 30 600 100 0.7071067811865475 0.7071067811865475 0.0
actors.Brick src/images/brick7.gif 80 30 700 100 0.7071067811865475 0.7071067811865475 0.0
actors.Brick src/images/brick8.gif 80 30 800 100 0.7071067811865475 0.7071067811865475 0.0
actors.BottomWall src/images/brick3.gif 960 16 480 666 0.7071067811865476 0.7071067811865476 0.0
actors.BottomWall src/images/brick3.gif 960 16 480 666 0.7071067811865475 0.7071067811865475 0.0
update
actors.Ball src/images/ball.gif 16 16 82 262 -0.7071067811865476 0.7071067811865476 10.0
actors.Paddle src/images/paddle.gif 80 16 580 600 0.7071067811865475 0.7071067811865475 0.0
actors.Brick src/images/brick4.gif 80 30 400 100 0.7071067811865475 0.7071067811865475 0.0
actors.Brick src/images/brick5.gif 80 30 500 100 0.7071067811865475 0.7071067811865475 0.0
actors.Brick src/images/brick6.gif 80 30 600 100 0.7071067811865475 0.7071067811865475 0.0
actors.Brick src/images/brick7.gif 80 30 700 100 0.7071067811865475 0.7071067811865475 0.0
actors.Brick src/images/brick8.gif 80 30 800 100 0.7071067811865475 0.7071067811865475 0.0
actors.BottomWall src/images/brick3.gif 960 16 480 666 0.7071067811865476 0.7071067811865476 0.0
actors.BottomWall src/images/brick3.gif 960 16 480 666 0.7071067811865475 0.7071067811865475 0.0
update
actors.Ball src/images/ball.gif 16 16 74 269 -0.7071067811865476 0.7071067811865476 10.0
actors.Paddle src/images/paddle.gif 80 16 580 600 0.7071067811865475 0.7071067811865475 0.0
actors.Brick src/images/brick4.gif 80 30 400 100 0.7071067811865475 0.7071067811865475 0.0
actors.Brick src/images/brick5.gif 80 30 500 100 0.7071067811865475 0.7071067811865475 0.0
actors.Brick src/images/brick6.gif 80 30 600 100 0.7071067811865475 0.7071067811865475 0.0
actors.Brick src/images/brick7.gif 80 30 700 100 0.7071067811865475 0.7071067811865475 0.0
actors.Brick src/images/brick8.gif 80 30 800 100 0.7071067811865475 0.7071067811865475 0.0
actors.BottomWall src/images/brick3.gif 960 16 480 666 0.7071067811865476 0.7071067811865476 0.0
actors.BottomWall src/images/brick3.gif 960 16 480 666 0.7071067811865475 0.7071067811865475 0.0
update
actors.Ball src/images/ball.gif 16 16 66 276 -0.7071067811865476 0.7071067811865476 10.0
actors.Paddle src/images/paddle.gif 80 16 580 600 0.7071067811865475 0.7071067811865475 0.0
actors.Brick src/images/brick4.gif 80 30 400 100 0.7071067811865475 0.7071067811865475 0.0
actors.Brick src/images/brick5.gif 80 30 500 100 0.7071067811865475 0.7071067811865475 0.0
actors.Brick src/images/brick6.gif 80 30 600 100 0.7071067811865475 0.7071067811865475 0.0
actors.Brick src/images/brick7.gif 80 30 700 100 0.7071067811865475 0.7071067811865475 0.0
actors.Brick src/images/brick8.gif 80 30 800 100 0.7071067811865475 0.7071067811865475 0.0
actors.BottomWall src/images/brick3.gif 960 16 480 666 0.7071067811865476 0.7071067811865476 0.0
actors.BottomWall src/images/brick3.gif 960 16 480 666 0.7071067811865475 0.7071067811865475 0.0
update
actors.Ball src/images/ball.gif 16 16 58 283 -0.7071067811865476 0.7071067811865476 10.0
actors.Paddle src/images/paddle.gif 80 16 580 600 0.7071067811865475 0.7071067811865475 0.0
actors.Brick src/images/brick4.gif 80 30 400 100 0.7071067811865475 0.7071067811865475 0.0
actors.Brick src/images/brick5.gif 80 30 500 100 0.7071067811865475 0.7071067811865475 0.0
actors.Brick src/images/brick6.gif 80 30 600 100 0.7071067811865475 0.7071067811865475 0.0
actors.Brick src/images/brick7.gif 80 30 700 100 0.7071067811865475 0.7071067811865475 0.0
actors.Brick src/images/brick8.gif 80 30 800 100 0.7071067811865475 0.7071067811865475 0.0
actors.BottomWall src/images/brick3.gif 960 16 480 666 0.7071067811865476 0.7071067811865476 0.0
actors.BottomWall src/images/brick3.gif 960 16 480 666 0.7071067811865475 0.7071067811865475 0.0
update
actors.Ball src/images/ball.gif 16 16 50 290 -0.7071067811865476 0.7071067811865476 10.0
actors.Paddle src/images/paddle.gif 80 16 580 600 0.7071067811865475 0.7071067811865475 0.0
actors.Brick src/images/brick4.gif 80 30 400 100 0.7071067811865475 0.7071067811865475 0.0
actors.Brick src/images/brick5.gif 80 30 500 100 0.7071067811865475 0.7071067811865475 0.0
actors.Brick src/images/brick6.gif 80 30 600 100 0.7071067811865475 0.7071067811865475 0.0
actors.Brick src/images/brick7.gif 80 30 700 100 0.7071067811865475 0.7071067811865475 0.0
actors.Brick src/images/brick8.gif 80 30 800 100 0.7071067811865475 0.7071067811865475 0.0
actors.BottomWall src/images/brick3.gif 960 16 480 666 0.7071067811865476 0.7071067811865476 0.0
actors.BottomWall src/images/brick3.gif 960 16 480 666 0.7071067811865475 0.7071067811865475 0.0
update
actors.Ball src/images/ball.gif 16 16 42 297 -0.7071067811865476 0.7071067811865476 10.0
actors.Paddle src/images/paddle.gif 80 16 580 600 0.7071067811865475 0.7071067811865475 0.0
actors.Brick src/images/brick4.gif 80 30 400 100 0.7071067811865475 0.7071067811865475 0.0
actors.Brick src/images/brick5.gif 80 30 500 100 0.7071067811865475 0.7071067811865475 0.0
actors.Brick src/images/brick6.gif 80 30 600 100 0.7071067811865475 0.7071067811865475 0.0
actors.Brick src/images/brick7.gif 80 30 700 100 0.7071067811865475 0.7071067811865475 0.0
actors.Brick src/images/brick8.gif 80 30 800 100 0.7071067811865475 0.7071067811865475 0.0
actors.BottomWall src/images/brick3.gif 960 16 480 666 0.7071067811865476 0.7071067811865476 0.0
actors.BottomWall src/images/brick3.gif 960 16 480 666 0.7071067811865475 0.7071067811865475 0.0
update
actors.Ball src/images/ball.gif 16 16 34 304 -0.7071067811865476 0.7071067811865476 10.0
actors.Paddle src/images/paddle.gif 80 16 580 600 0.7071067811865475 0.7071067811865475 0.0
actors.Brick src/images/brick4.gif 80 30 400 100 0.7071067811865475 0.7071067811865475 0.0
actors.Brick src/images/brick5.gif 80 30 500 100 0.7071067811865475 0.7071067811865475 0.0
actors.Brick src/images/brick6.gif 80 30 600 100 0.7071067811865475 0.7071067811865475 0.0
actors.Brick src/images/brick7.gif 80 30 700 100 0.7071067811865475 0.7071067811865475 0.0
actors.Brick src/images/brick8.gif 80 30 800 100 0.7071067811865475 0.7071067811865475 0.0
actors.BottomWall src/images/brick3.gif 960 16 480 666 0.7071067811865476 0.7071067811865476 0.0
actors.BottomWall src/images/brick3.gif 960 16 480 666 0.7071067811865475 0.7071067811865475 0.0
update
actors.Ball src/images/ball.gif 16 16 26 311 -0.7071067811865476 0.7071067811865476 10.0
actors.Paddle src/images/paddle.gif 80 16 580 600 0.7071067811865475 0.7071067811865475 0.0
actors.Brick src/images/brick4.gif 80 30 400 100 0.7071067811865475 0.7071067811865475 0.0
actors.Brick src/images/brick5.gif 80 30 500 100 0.7071067811865475 0.7071067811865475 0.0
actors.Brick src/images/brick6.gif 80 30 600 100 0.7071067811865475 0.7071067811865475 0.0
actors.Brick src/images/brick7.gif 80 30 700 100 0.7071067811865475 0.7071067811865475 0.0
actors.Brick src/images/brick8.gif 80 30 800 100 0.7071067811865475 0.7071067811865475 0.0
actors.BottomWall src/images/brick3.gif 960 16 480 666 0.7071067811865476 0.7071067811865476 0.0
actors.BottomWall src/images/brick3.gif 960 16 480 666 0.7071067811865475 0.7071067811865475 0.0
update
actors.Ball src/images/ball.gif 16 16 18 318 -0.7071067811865476 0.7071067811865476 10.0
actors.Paddle src/images/paddle.gif 80 16 580 600 0.7071067811865475 0.7071067811865475 0.0
actors.Brick src/images/brick4.gif 80 30 400 100 0.7071067811865475 0.7071067811865475 0.0
actors.Brick src/images/brick5.gif 80 30 500 100 0.7071067811865475 0.7071067811865475 0.0
actors.Brick src/images/brick6.gif 80 30 600 100 0.7071067811865475 0.7071067811865475 0.0
actors.Brick src/images/brick7.gif 80 30 700 100 0.7071067811865475 0.7071067811865475 0.0
actors.Brick src/images/brick8.gif 80 30 800 100 0.7071067811865475 0.7071067811865475 0.0
actors.BottomWall src/images/brick3.gif 960 16 480 666 0.7071067811865476 0.7071067811865476 0.0
actors.BottomWall src/images/brick3.gif 960 16 480 666 0.7071067811865475 0.7071067811865475 0.0
update
actors.Ball src/images/ball.gif 16 16 10 325 -0.7071067811865476 0.7071067811865476 10.0
actors.Paddle src/images/paddle.gif 80 16 580 600 0.7071067811865475 0.7071067811865475 0.0
actors.Brick src/images/brick4.gif 80 30 400 100 0.7071067811865475 0.7071067811865475 0.0
actors.Brick src/images/brick5.gif 80 30 500 100 0.7071067811865475 0.7071067811865475 0.0
actors.Brick src/images/brick6.gif 80 30 600 100 0.7071067811865475 0.7071067811865475 0.0
actors.Brick src/images/brick7.gif 80 30 700 100 0.7071067811865475 0.7071067811865475 0.0
actors.Brick src/images/brick8.gif 80 30 800 100 0.7071067811865475 0.7071067811865475 0.0
actors.BottomWall src/images/brick3.gif 960 16 480 666 0.7071067811865476 0.7071067811865476 0.0
actors.BottomWall src/images/brick3.gif 960 16 480 666 0.7071067811865475 0.7071067811865475 0.0
update
actors.Ball src/images/ball.gif 16 16 9 339 0.7071067811865476 0.7071067811865476 10.0
actors.Paddle src/images/paddle.gif 80 16 580 600 0.7071067811865475 0.7071067811865475 0.0
actors.Brick src/images/brick4.gif 80 30 400 100 0.7071067811865475 0.7071067811865475 0.0
actors.Brick src/images/brick5.gif 80 30 500 100 0.7071067811865475 0.7071067811865475 0.0
actors.Brick src/images/brick6.gif 80 30 600 100 0.7071067811865475 0.7071067811865475 0.0
actors.Brick src/images/brick7.gif 80 30 700 100 0.7071067811865475 0.7071067811865475 0.0
actors.Brick src/images/brick8.gif 80 30 800 100 0.7071067811865475 0.7071067811865475 0.0
actors.BottomWall src/images/brick3.gif 960 16 480 666 0.7071067811865476 0.7071067811865476 0.0
actors.BottomWall src/images/brick3.gif 960 16 480 666 0.7071067811865475 0.7071067811865475 0.0
update
actors.Ball src/images/ball.gif 16 16 16 346 0.7071067811865476 0.7071067811865476 10.0
actors.Paddle src/images/paddle.gif 80 16 570 600 0.7071067811865475 0.7071067811865475 0.0
actors.Brick src/images/brick4.gif 80 30 400 100 0.7071067811865475 0.7071067811865475 0.0
actors.Brick src/images/brick5.gif 80 30 500 100 0.7071067811865475 0.7071067811865475 0.0
actors.Brick src/images/brick6.gif 80 30 600 100 0.7071067811865475 0.7071067811865475 0.0
actors.Brick src/images/brick7.gif 80 30 700 100 0.7071067811865475 0.7071067811865475 0.0
actors.Brick src/images/brick8.gif 80 30 800 100 0.7071067811865475 0.7071067811865475 0.0
actors.BottomWall src/images/brick3.gif 960 16 480 666 0.7071067811865476 0.7071067811865476 0.0
actors.BottomWall src/images/brick3.gif 960 16 480 666 0.7071067811865475 0.7071067811865475 0.0
update
actors.Ball src/images/ball.gif 16 16 23 353 0.7071067811865476 0.7071067811865476 10.0
actors.Paddle src/images/paddle.gif 80 16 560 600 0.7071067811865475 0.7071067811865475 0.0
actors.Brick src/images/brick4.gif 80 30 400 100 0.7071067811865475 0.7071067811865475 0.0
actors.Brick src/images/brick5.gif 80 30 500 100 0.7071067811865475 0.7071067811865475 0.0
actors.Brick src/images/brick6.gif 80 30 600 100 0.7071067811865475 0.7071067811865475 0.0
actors.Brick src/images/brick7.gif 80 30 700 100 0.7071067811865475 0.7071067811865475 0.0
actors.Brick src/images/brick8.gif 80 30 800 100 0.7071067811865475 0.7071067811865475 0.0
actors.BottomWall src/images/brick3.gif 960 16 480 666 0.7071067811865476 0.7071067811865476 0.0
actors.BottomWall src/images/brick3.gif 960 16 480 666 0.7071067811865475 0.7071067811865475 0.0
update
actors.Ball src/images/ball.gif 16 16 30 360 0.7071067811865476 0.7071067811865476 10.0
actors.Paddle src/images/paddle.gif 80 16 550 600 0.7071067811865475 0.7071067811865475 0.0
actors.Brick src/images/brick4.gif 80 30 400 100 0.7071067811865475 0.7071067811865475 0.0
actors.Brick src/images/brick5.gif 80 30 500 100 0.7071067811865475 0.7071067811865475 0.0
actors.Brick src/images/brick6.gif 80 30 600 100 0.7071067811865475 0.7071067811865475 0.0
actors.Brick src/images/brick7.gif 80 30 700 100 0.7071067811865475 0.7071067811865475 0.0
actors.Brick src/images/brick8.gif 80 30 800 100 0.7071067811865475 0.7071067811865475 0.0
actors.BottomWall src/images/brick3.gif 960 16 480 666 0.7071067811865476 0.7071067811865476 0.0
actors.BottomWall src/images/brick3.gif 960 16 480 666 0.7071067811865475 0.7071067811865475 0.0
update
actors.Ball src/images/ball.gif 16 16 37 367 0.7071067811865476 0.7071067811865476 10.0
actors.Paddle src/images/paddle.gif 80 16 540 600 0.7071067811865475 0.7071067811865475 0.0
actors.Brick src/images/brick4.gif 80 30 400 100 0.7071067811865475 0.7071067811865475 0.0
actors.Brick src/images/brick5.gif 80 30 500 100 0.7071067811865475 0.7071067811865475 0.0
actors.Brick src/images/brick6.gif 80 30 600 100 0.7071067811865475 0.7071067811865475 0.0
actors.Brick src/images/brick7.gif 80 30 700 100 0.7071067811865475 0.7071067811865475 0.0
actors.Brick src/images/brick8.gif 80 30 800 100 0.7071067811865475 0.7071067811865475 0.0
actors.BottomWall src/images/brick3.gif 960 16 480 666 0.7071067811865476 0.7071067811865476 0.0
actors.BottomWall src/images/brick3.gif 960 16 480 666 0.7071067811865475 0.7071067811865475 0.0
update
actors.Ball src/images/ball.gif 16 16 44 374 0.7071067811865476 0.7071067811865476 10.0
actors.Paddle src/images/paddle.gif 80 16 530 600 0.7071067811865475 0.7071067811865475 0.0
actors.Brick src/images/brick4.gif 80 30 400 100 0.7071067811865475 0.7071067811865475 0.0
actors.Brick src/images/brick5.gif 80 30 500 100 0.7071067811865475 0.7071067811865475 0.0
actors.Brick src/images/brick6.gif 80 30 600 100 0.7071067811865475 0.7071067811865475 0.0
actors.Brick src/images/brick7.gif 80 30 700 100 0.7071067811865475 0.7071067811865475 0.0
actors.Brick src/images/brick8.gif 80 30 800 100 0.7071067811865475 0.7071067811865475 0.0
actors.BottomWall src/images/brick3.gif 960 16 480 666 0.7071067811865476 0.7071067811865476 0.0
actors.BottomWall src/images/brick3.gif 960 16 480 666 0.7071067811865475 0.7071067811865475 0.0
update
actors.Ball src/images/ball.gif 16 16 51 381 0.7071067811865476 0.7071067811865476 10.0
actors.Paddle src/images/paddle.gif 80 16 520 600 0.7071067811865475 0.7071067811865475 0.0
actors.Brick src/images/brick4.gif 80 30 400 100 0.7071067811865475 0.7071067811865475 0.0
actors.Brick src/images/brick5.gif 80 30 500 100 0.7071067811865475 0.7071067811865475 0.0
actors.Brick src/images/brick6.gif 80 30 600 100 0.7071067811865475 0.7071067811865475 0.0
actors.Brick src/images/brick7.gif 80 30 700 100 0.7071067811865475 0.7071067811865475 0.0
actors.Brick src/images/brick8.gif 80 30 800 100 0.7071067811865475 0.7071067811865475 0.0
actors.BottomWall src/images/brick3.gif 960 16 480 666 0.7071067811865476 0.7071067811865476 0.0
actors.BottomWall src/images/brick3.gif 960 16 480 666 0.7071067811865475 0.7071067811865475 0.0
update
actors.Ball src/images/ball.gif 16 16 58 388 0.7071067811865476 0.7071067811865476 10.0
actors.Paddle src/images/paddle.gif 80 16 510 600 0.7071067811865475 0.7071067811865475 0.0
actors.Brick src/images/brick4.gif 80 30 400 100 0.7071067811865475 0.7071067811865475 0.0
actors.Brick src/images/brick5.gif 80 30 500 100 0.7071067811865475 0.7071067811865475 0.0
actors.Brick src/images/brick6.gif 80 30 600 100 0.7071067811865475 0.7071067811865475 0.0
actors.Brick src/images/brick7.gif 80 30 700 100 0.7071067811865475 0.7071067811865475 0.0
actors.Brick src/images/brick8.gif 80 30 800 100 0.7071067811865475 0.7071067811865475 0.0
actors.BottomWall src/images/brick3.gif 960 16 480 666 0.7071067811865476 0.7071067811865476 0.0
actors.BottomWall src/images/brick3.gif 960 16 480 666 0.7071067811865475 0.7071067811865475 0.0
update
actors.Ball src/images/ball.gif 16 16 65 395 0.7071067811865476 0.7071067811865476 10.0
actors.Paddle src/images/paddle.gif 80 16 500 600 0.7071067811865475 0.7071067811865475 0.0
actors.Brick src/images/brick4.gif 80 30 400 100 0.7071067811865475 0.7071067811865475 0.0
actors.Brick src/images/brick5.gif 80 30 500 100 0.7071067811865475 0.7071067811865475 0.0
actors.Brick src/images/brick6.gif 80 30 600 100 0.7071067811865475 0.7071067811865475 0.0
actors.Brick src/images/brick7.gif 80 30 700 100 0.7071067811865475 0.7071067811865475 0.0
actors.Brick src/images/brick8.gif 80 30 800 100 0.7071067811865475 0.7071067811865475 0.0
actors.BottomWall src/images/brick3.gif 960 16 480 666 0.7071067811865476 0.7071067811865476 0.0
actors.BottomWall src/images/brick3.gif 960 16 480 666 0.7071067811865475 0.7071067811865475 0.0
update
actors.Ball src/images/ball.gif 16 16 72 402 0.7071067811865476 0.7071067811865476 10.0
actors.Paddle src/images/paddle.gif 80 16 490 600 0.7071067811865475 0.7071067811865475 0.0
actors.Brick src/images/brick4.gif 80 30 400 100 0.7071067811865475 0.7071067811865475 0.0
actors.Brick src/images/brick5.gif 80 30 500 100 0.7071067811865475 0.7071067811865475 0.0
actors.Brick src/images/brick6.gif 80 30 600 100 0.7071067811865475 0.7071067811865475 0.0
actors.Brick src/images/brick7.gif 80 30 700 100 0.7071067811865475 0.7071067811865475 0.0
actors.Brick src/images/brick8.gif 80 30 800 100 0.7071067811865475 0.7071067811865475 0.0
actors.BottomWall src/images/brick3.gif 960 16 480 666 0.7071067811865476 0.7071067811865476 0.0
actors.BottomWall src/images/brick3.gif 960 16 480 666 0.7071067811865475 0.7071067811865475 0.0
update
actors.Ball src/images/ball.gif 16 16 79 409 0.7071067811865476 0.7071067811865476 10.0
actors.Paddle src/images/paddle.gif 80 16 480 600 0.7071067811865475 0.7071067811865475 0.0
actors.Brick src/images/brick4.gif 80 30 400 100 0.7071067811865475 0.7071067811865475 0.0
actors.Brick src/images/brick5.gif 80 30 500 100 0.7071067811865475 0.7071067811865475 0.0
actors.Brick src/images/brick6.gif 80 30 600 100 0.7071067811865475 0.7071067811865475 0.0
actors.Brick src/images/brick7.gif 80 30 700 100 0.7071067811865475 0.7071067811865475 0.0
actors.Brick src/images/brick8.gif 80 30 800 100 0.7071067811865475 0.7071067811865475 0.0
actors.BottomWall src/images/brick3.gif 960 16 480 666 0.7071067811865476 0.7071067811865476 0.0
actors.BottomWall src/images/brick3.gif 960 16 480 666 0.7071067811865475 0.7071067811865475 0.0
update
actors.Ball src/images/ball.gif 16 16 86 416 0.7071067811865476 0.7071067811865476 10.0
actors.Paddle src/images/paddle.gif 80 16 470 600 0.7071067811865475 0.7071067811865475 0.0
actors.Brick src/images/brick4.gif 80 30 400 100 0.7071067811865475 0.7071067811865475 0.0
actors.Brick src/images/brick5.gif 80 30 500 100 0.7071067811865475 0.7071067811865475 0.0
actors.Brick src/images/brick6.gif 80 30 600 100 0.7071067811865475 0.7071067811865475 0.0
actors.Brick src/images/brick7.gif 80 30 700 100 0.7071067811865475 0.7071067811865475 0.0
actors.Brick src/images/brick8.gif 80 30 800 100 0.7071067811865475 0.7071067811865475 0.0
actors.BottomWall src/images/brick3.gif 960 16 480 666 0.7071067811865476 0.7071067811865476 0.0
actors.BottomWall src/images/brick3.gif 960 16 480 666 0.7071067811865475 0.7071067811865475 0.0
update
actors.Ball src/images/ball.gif 16 16 93 423 0.7071067811865476 0.7071067811865476 10.0
actors.Paddle src/images/paddle.gif 80 16 460 600 0.7071067811865475 0.7071067811865475 0.0
actors.Brick src/images/brick4.gif 80 30 400 100 0.7071067811865475 0.7071067811865475 0.0
actors.Brick src/images/brick5.gif 80 30 500 100 0.7071067811865475 0.7071067811865475 0.0
actors.Brick src/images/brick6.gif 80 30 600 100 0.7071067811865475 0.7071067811865475 0.0
actors.Brick src/images/brick7.gif 80 30 700 100 0.7071067811865475 0.7071067811865475 0.0
actors.Brick src/images/brick8.gif 80 30 800 100 0.7071067811865475 0.7071067811865475 0.0
actors.BottomWall src/images/brick3.gif 960 16 480 666 0.7071067811865476 0.7071067811865476 0.0
actors.BottomWall src/images/brick3.gif 960 16 480 666 0.7071067811865475 0.7071067811865475 0.0
update
actors.Ball src/images/ball.gif 16 16 100 430 0.7071067811865476 0.7071067811865476 10.0
actors.Paddle src/images/paddle.gif 80 16 450 600 0.7071067811865475 0.7071067811865475 0.0
actors.Brick src/images/brick4.gif 80 30 400 100 0.7071067811865475 0.7071067811865475 0.0
actors.Brick src/images/brick5.gif 80 30 500 100 0.7071067811865475 0.7071067811865475 0.0
actors.Brick src/images/brick6.gif 80 30 600 100 0.7071067811865475 0.7071067811865475 0.0
actors.Brick src/images/brick7.gif 80 30 700 100 0.7071067811865475 0.7071067811865475 0.0
actors.Brick src/images/brick8.gif 80 30 800 100 0.7071067811865475 0.7071067811865475 0.0
actors.BottomWall src/images/brick3.gif 960 16 480 666 0.7071067811865476 0.7071067811865476 0.0
actors.BottomWall src/images/brick3.gif 960 16 480 666 0.7071067811865475 0.7071067811865475 0.0
update
actors.Ball src/images/ball.gif 16 16 107 437 0.7071067811865476 0.7071067811865476 10.0
actors.Paddle src/images/paddle.gif 80 16 440 600 0.7071067811865475 0.7071067811865475 0.0
actors.Brick src/images/brick4.gif 80 30 400 100 0.7071067811865475 0.7071067811865475 0.0
actors.Brick src/images/brick5.gif 80 30 500 100 0.7071067811865475 0.7071067811865475 0.0
actors.Brick src/images/brick6.gif 80 30 600 100 0.7071067811865475 0.7071067811865475 0.0
actors.Brick src/images/brick7.gif 80 30 700 100 0.7071067811865475 0.7071067811865475 0.0
actors.Brick src/images/brick8.gif 80 30 800 100 0.7071067811865475 0.7071067811865475 0.0
actors.BottomWall src/images/brick3.gif 960 16 480 666 0.7071067811865476 0.7071067811865476 0.0
actors.BottomWall src/images/brick3.gif 960 16 480 666 0.7071067811865475 0.7071067811865475 0.0
update
actors.Ball src/images/ball.gif 16 16 114 444 0.7071067811865476 0.7071067811865476 10.0
actors.Paddle src/images/paddle.gif 80 16 430 600 0.7071067811865475 0.7071067811865475 0.0
actors.Brick src/images/brick4.gif 80 30 400 100 0.7071067811865475 0.7071067811865475 0.0
actors.Brick src/images/brick5.gif 80 30 500 100 0.7071067811865475 0.7071067811865475 0.0
actors.Brick src/images/brick6.gif 80 30 600 100 0.7071067811865475 0.7071067811865475 0.0
actors.Brick src/images/brick7.gif 80 30 700 100 0.7071067811865475 0.7071067811865475 0.0
actors.Brick src/images/brick8.gif 80 30 800 100 0.7071067811865475 0.7071067811865475 0.0
actors.BottomWall src/images/brick3.gif 960 16 480 666 0.7071067811865476 0.7071067811865476 0.0
actors.BottomWall src/images/brick3.gif 960 16 480 666 0.7071067811865475 0.7071067811865475 0.0
update
actors.Ball src/images/ball.gif 16 16 121 451 0.7071067811865476 0.7071067811865476 10.0
actors.Paddle src/images/paddle.gif 80 16 420 600 0.7071067811865475 0.7071067811865475 0.0
actors.Brick src/images/brick4.gif 80 30 400 100 0.7071067811865475 0.7071067811865475 0.0
actors.Brick src/images/brick5.gif 80 30 500 100 0.7071067811865475 0.7071067811865475 0.0
actors.Brick src/images/brick6.gif 80 30 600 100 0.7071067811865475 0.7071067811865475 0.0
actors.Brick src/images/brick7.gif 80 30 700 100 0.7071067811865475 0.7071067811865475 0.0
actors.Brick src/images/brick8.gif 80 30 800 100 0.7071067811865475 0.7071067811865475 0.0
actors.BottomWall src/images/brick3.gif 960 16 480 666 0.7071067811865476 0.7071067811865476 0.0
actors.BottomWall src/images/brick3.gif 960 16 480 666 0.7071067811865475 0.7071067811865475 0.0
update
actors.Ball src/images/ball.gif 16 16 128 458 0.7071067811865476 0.7071067811865476 10.0
actors.Paddle src/images/paddle.gif 80 16 410 600 0.7071067811865475 0.7071067811865475 0.0
actors.Brick src/images/brick4.gif 80 30 400 100 0.7071067811865475 0.7071067811865475 0.0
actors.Brick src/images/brick5.gif 80 30 500 100 0.7071067811865475 0.7071067811865475 0.0
actors.Brick src/images/brick6.gif 80 30 600 100 0.7071067811865475 0.7071067811865475 0.0
actors.Brick src/images/brick7.gif 80 30 700 100 0.7071067811865475 0.7071067811865475 0.0
actors.Brick src/images/brick8.gif 80 30 800 100 0.7071067811865475 0.7071067811865475 0.0
actors.BottomWall src/images/brick3.gif 960 16 480 666 0.7071067811865476 0.7071067811865476 0.0
actors.BottomWall src/images/brick3.gif 960 16 480 666 0.7071067811865475 0.7071067811865475 0.0
update
actors.Ball src/images/ball.gif 16 16 135 465 0.7071067811865476 0.7071067811865476 10.0
actors.Paddle src/images/paddle.gif 80 16 400 600 0.7071067811865475 0.7071067811865475 0.0
actors.Brick src/images/brick4.gif 80 30 400 100 0.7071067811865475 0.7071067811865475 0.0
actors.Brick src/images/brick5.gif 80 30 500 100 0.7071067811865475 0.7071067811865475 0.0
actors.Brick src/images/brick6.gif 80 30 600 100 0.7071067811865475 0.7071067811865475 0.0
actors.Brick src/images/brick7.gif 80 30 700 100 0.7071067811865475 0.7071067811865475 0.0
actors.Brick src/images/brick8.gif 80 30 800 100 0.7071067811865475 0.7071067811865475 0.0
actors.BottomWall src/images/brick3.gif 960 16 480 666 0.7071067811865476 0.7071067811865476 0.0
actors.BottomWall src/images/brick3.gif 960 16 480 666 0.7071067811865475 0.7071067811865475 0.0
update
actors.Ball src/images/ball.gif 16 16 142 472 0.7071067811865476 0.7071067811865476 10.0
actors.Paddle src/images/paddle.gif 80 16 390 600 0.7071067811865475 0.7071067811865475 0.0
actors.Brick src/images/brick4.gif 80 30 400 100 0.7071067811865475 0.7071067811865475 0.0
actors.Brick src/images/brick5.gif 80 30 500 100 0.7071067811865475 0.7071067811865475 0.0
actors.Brick src/images/brick6.gif 80 30 600 100 0.7071067811865475 0.7071067811865475 0.0
actors.Brick src/images/brick7.gif 80 30 700 100 0.7071067811865475 0.7071067811865475 0.0
actors.Brick src/images/brick8.gif 80 30 800 100 0.7071067811865475 0.7071067811865475 0.0
actors.BottomWall src/images/brick3.gif 960 16 480 666 0.7071067811865476 0.7071067811865476 0.0
actors.BottomWall src/images/brick3.gif 960 16 480 666 0.7071067811865475 0.7071067811865475 0.0
update
actors.Ball src/images/ball.gif 16 16 149 479 0.7071067811865476 0.7071067811865476 10.0
actors.Paddle src/images/paddle.gif 80 16 380 600 0.7071067811865475 0.7071067811865475 0.0
actors.Brick src/images/brick4.gif 80 30 400 100 0.7071067811865475 0.7071067811865475 0.0
actors.Brick src/images/brick5.gif 80 30 500 100 0.7071067811865475 0.7071067811865475 0.0
actors.Brick src/images/brick6.gif 80 30 600 100 0.7071067811865475 0.7071067811865475 0.0
actors.Brick src/images/brick7.gif 80 30 700 100 0.7071067811865475 0.7071067811865475 0.0
actors.Brick src/images/brick8.gif 80 30 800 100 0.7071067811865475 0.7071067811865475 0.0
actors.BottomWall src/images/brick3.gif 960 16 480 666 0.7071067811865476 0.7071067811865476 0.0
actors.BottomWall src/images/brick3.gif 960 16 480 666 0.7071067811865475 0.7071067811865475 0.0
update
actors.Ball src/images/ball.gif 16 16 156 486 0.7071067811865476 0.7071067811865476 10.0
actors.Paddle src/images/paddle.gif 80 16 370 600 0.7071067811865475 0.7071067811865475 0.0
actors.Brick src/images/brick4.gif 80 30 400 100 0.7071067811865475 0.7071067811865475 0.0
actors.Brick src/images/brick5.gif 80 30 500 100 0.7071067811865475 0.7071067811865475 0.0
actors.Brick src/images/brick6.gif 80 30 600 100 0.7071067811865475 0.7071067811865475 0.0
actors.Brick src/images/brick7.gif 80 30 700 100 0.7071067811865475 0.7071067811865475 0.0
actors.Brick src/images/brick8.gif 80 30 800 100 0.7071067811865475 0.7071067811865475 0.0
actors.BottomWall src/images/brick3.gif 960 16 480 666 0.7071067811865476 0.7071067811865476 0.0
actors.BottomWall src/images/brick3.gif 960 16 480 666 0.7071067811865475 0.7071067811865475 0.0
update
actors.Ball src/images/ball.gif 16 16 163 493 0.7071067811865476 0.7071067811865476 10.0
actors.Paddle src/images/paddle.gif 80 16 360 600 0.7071067811865475 0.7071067811865475 0.0
actors.Brick src/images/brick4.gif 80 30 400 100 0.7071067811865475 0.7071067811865475 0.0
actors.Brick src/images/brick5.gif 80 30 500 100 0.7071067811865475 0.7071067811865475 0.0
actors.Brick src/images/brick6.gif 80 30 600 100 0.7071067811865475 0.7071067811865475 0.0
actors.Brick src/images/brick7.gif 80 30 700 100 0.7071067811865475 0.7071067811865475 0.0
actors.Brick src/images/brick8.gif 80 30 800 100 0.7071067811865475 0.7071067811865475 0.0
actors.BottomWall src/images/brick3.gif 960 16 480 666 0.7071067811865476 0.7071067811865476 0.0
actors.BottomWall src/images/brick3.gif 960 16 480 666 0.7071067811865475 0.7071067811865475 0.0
update
actors.Ball src/images/ball.gif 16 16 170 500 0.7071067811865476 0.7071067811865476 10.0
actors.Paddle src/images/paddle.gif 80 16 350 600 0.7071067811865475 0.7071067811865475 0.0
actors.Brick src/images/brick4.gif 80 30 400 100 0.7071067811865475 0.7071067811865475 0.0
actors.Brick src/images/brick5.gif 80 30 500 100 0.7071067811865475 0.7071067811865475 0.0
actors.Brick src/images/brick6.gif 80 30 600 100 0.7071067811865475 0.7071067811865475 0.0
actors.Brick src/images/brick7.gif 80 30 700 100 0.7071067811865475 0.7071067811865475 0.0
actors.Brick src/images/brick8.gif 80 30 800 100 0.7071067811865475 0.7071067811865475 0.0
actors.BottomWall src/images/brick3.gif 960 16 480 666 0.7071067811865476 0.7071067811865476 0.0
actors.BottomWall src/images/brick3.gif 960 16 480 666 0.7071067811865475 0.7071067811865475 0.0
update
actors.Ball src/images/ball.gif 16 16 177 507 0.7071067811865476 0.7071067811865476 10.0
actors.Paddle src/images/paddle.gif 80 16 340 600 0.7071067811865475 0.7071067811865475 0.0
actors.Brick src/images/brick4.gif 80 30 400 100 0.7071067811865475 0.7071067811865475 0.0
actors.Brick src/images/brick5.gif 80 30 500 100 0.7071067811865475 0.7071067811865475 0.0
actors.Brick src/images/brick6.gif 80 30 600 100 0.7071067811865475 0.7071067811865475 0.0
actors.Brick src/images/brick7.gif 80 30 700 100 0.7071067811865475 0.7071067811865475 0.0
actors.Brick src/images/brick8.gif 80 30 800 100 0.7071067811865475 0.7071067811865475 0.0
actors.BottomWall src/images/brick3.gif 960 16 480 666 0.7071067811865476 0.7071067811865476 0.0
actors.BottomWall src/images/brick3.gif 960 16 480 666 0.7071067811865475 0.7071067811865475 0.0
update
actors.Ball src/images/ball.gif 16 16 184 514 0.7071067811865476 0.7071067811865476 10.0
actors.Paddle src/images/paddle.gif 80 16 330 600 0.7071067811865475 0.7071067811865475 0.0
actors.Brick src/images/brick4.gif 80 30 400 100 0.7071067811865475 0.7071067811865475 0.0
actors.Brick src/images/brick5.gif 80 30 500 100 0.7071067811865475 0.7071067811865475 0.0
actors.Brick src/images/brick6.gif 80 30 600 100 0.7071067811865475 0.7071067811865475 0.0
actors.Brick src/images/brick7.gif 80 30 700 100 0.7071067811865475 0.7071067811865475 0.0
actors.Brick src/images/brick8.gif 80 30 800 100 0.7071067811865475 0.7071067811865475 0.0
actors.BottomWall src/images/brick3.gif 960 16 480 666 0.7071067811865476 0.7071067811865476 0.0
actors.BottomWall src/images/brick3.gif 960 16 480 666 0.7071067811865475 0.7071067811865475 0.0
update
actors.Ball src/images/ball.gif 16 16 191 521 0.7071067811865476 0.7071067811865476 10.0
actors.Paddle src/images/paddle.gif 80 16 320 600 0.7071067811865475 0.7071067811865475 0.0
actors.Brick src/images/brick4.gif 80 30 400 100 0.7071067811865475 0.7071067811865475 0.0
actors.Brick src/images/brick5.gif 80 30 500 100 0.7071067811865475 0.7071067811865475 0.0
actors.Brick src/images/brick6.gif 80 30 600 100 0.7071067811865475 0.7071067811865475 0.0
actors.Brick src/images/brick7.gif 80 30 700 100 0.7071067811865475 0.7071067811865475 0.0
actors.Brick src/images/brick8.gif 80 30 800 100 0.7071067811865475 0.7071067811865475 0.0
actors.BottomWall src/images/brick3.gif 960 16 480 666 0.7071067811865476 0.7071067811865476 0.0
actors.BottomWall src/images/brick3.gif 960 16 480 666 0.7071067811865475 0.7071067811865475 0.0
update
actors.Ball src/images/ball.gif 16 16 198 528 0.7071067811865476 0.7071067811865476 10.0
actors.Paddle src/images/paddle.gif 80 16 310 600 0.7071067811865475 0.7071067811865475 0.0
actors.Brick src/images/brick4.gif 80 30 400 100 0.7071067811865475 0.7071067811865475 0.0
actors.Brick src/images/brick5.gif 80 30 500 100 0.7071067811865475 0.7071067811865475 0.0
actors.Brick src/images/brick6.gif 80 30 600 100 0.7071067811865475 0.7071067811865475 0.0
actors.Brick src/images/brick7.gif 80 30 700 100 0.7071067811865475 0.7071067811865475 0.0
actors.Brick src/images/brick8.gif 80 30 800 100 0.7071067811865475 0.7071067811865475 0.0
actors.BottomWall src/images/brick3.gif 960 16 480 666 0.7071067811865476 0.7071067811865476 0.0
actors.BottomWall src/images/brick3.gif 960 16 480 666 0.7071067811865475 0.7071067811865475 0.0
update
actors.Ball src/images/ball.gif 16 16 205 535 0.7071067811865476 0.7071067811865476 10.0
actors.Paddle src/images/paddle.gif 80 16 300 600 0.7071067811865475 0.7071067811865475 0.0
actors.Brick src/images/brick4.gif 80 30 400 100 0.7071067811865475 0.7071067811865475 0.0
actors.Brick src/images/brick5.gif 80 30 500 100 0.7071067811865475 0.7071067811865475 0.0
actors.Brick src/images/brick6.gif 80 30 600 100 0.7071067811865475 0.7071067811865475 0.0
actors.Brick src/images/brick7.gif 80 30 700 100 0.7071067811865475 0.7071067811865475 0.0
actors.Brick src/images/brick8.gif 80 30 800 100 0.7071067811865475 0.7071067811865475 0.0
actors.BottomWall src/images/brick3.gif 960 16 480 666 0.7071067811865476 0.7071067811865476 0.0
actors.BottomWall src/images/brick3.gif 960 16 480 666 0.7071067811865475 0.7071067811865475 0.0
update
actors.Ball src/images/ball.gif 16 16 212 542 0.7071067811865476 0.7071067811865476 10.0
actors.Paddle src/images/paddle.gif 80 16 290 600 0.7071067811865475 0.7071067811865475 0.0
actors.Brick src/images/brick4.gif 80 30 400 100 0.7071067811865475 0.7071067811865475 0.0
actors.Brick src/images/brick5.gif 80 30 500 100 0.7071067811865475 0.7071067811865475 0.0
actors.Brick src/images/brick6.gif 80 30 600 100 0.7071067811865475 0.7071067811865475 0.0
actors.Brick src/images/brick7.gif 80 30 700 100 0.7071067811865475 0.7071067811865475 0.0
actors.Brick src/images/brick8.gif 80 30 800 100 0.7071067811865475 0.7071067811865475 0.0
actors.BottomWall src/images/brick3.gif 960 16 480 666 0.7071067811865476 0.7071067811865476 0.0
actors.BottomWall src/images/brick3.gif 960 16 480 666 0.7071067811865475 0.7071067811865475 0.0
update
actors.Ball src/images/ball.gif 16 16 219 549 0.7071067811865476 0.7071067811865476 10.0
actors.Paddle src/images/paddle.gif 80 16 280 600 0.7071067811865475 0.7071067811865475 0.0
actors.Brick src/images/brick4.gif 80 30 400 100 0.7071067811865475 0.7071067811865475 0.0
actors.Brick src/images/brick5.gif 80 30 500 100 0.7071067811865475 0.7071067811865475 0.0
actors.Brick src/images/brick6.gif 80 30 600 100 0.7071067811865475 0.7071067811865475 0.0
actors.Brick src/images/brick7.gif 80 30 700 100 0.7071067811865475 0.7071067811865475 0.0
actors.Brick src/images/brick8.gif 80 30 800 100 0.7071067811865475 0.7071067811865475 0.0
actors.BottomWall src/images/brick3.gif 960 16 480 666 0.7071067811865476 0.7071067811865476 0.0
actors.BottomWall src/images/brick3.gif 960 16 480 666 0.7071067811865475 0.7071067811865475 0.0
update
actors.Ball src/images/ball.gif 16 16 226 556 0.7071067811865476 0.7071067811865476 10.0
actors.Paddle src/images/paddle.gif 80 16 270 600 0.7071067811865475 0.7071067811865475 0.0
actors.Brick src/images/brick4.gif 80 30 400 100 0.7071067811865475 0.7071067811865475 0.0
actors.Brick src/images/brick5.gif 80 30 500 100 0.7071067811865475 0.7071067811865475 0.0
actors.Brick src/images/brick6.gif 80 30 600 100 0.7071067811865475 0.7071067811865475 0.0
actors.Brick src/images/brick7.gif 80 30 700 100 0.7071067811865475 0.7071067811865475 0.0
actors.Brick src/images/brick8.gif 80 30 800 100 0.7071067811865475 0.7071067811865475 0.0
actors.BottomWall src/images/brick3.gif 960 16 480 666 0.7071067811865476 0.7071067811865476 0.0
actors.BottomWall src/images/brick3.gif 960 16 480 666 0.7071067811865475 0.7071067811865475 0.0
update
actors.Ball src/images/ball.gif 16 16 233 563 0.7071067811865476 0.7071067811865476 10.0
actors.Paddle src/images/paddle.gif 80 16 260 600 0.7071067811865475 0.7071067811865475 0.0
actors.Brick src/images/brick4.gif 80 30 400 100 0.7071067811865475 0.7071067811865475 0.0
actors.Brick src/images/brick5.gif 80 30 500 100 0.7071067811865475 0.7071067811865475 0.0
actors.Brick src/images/brick6.gif 80 30 600 100 0.7071067811865475 0.7071067811865475 0.0
actors.Brick src/images/brick7.gif 80 30 700 100 0.7071067811865475 0.7071067811865475 0.0
actors.Brick src/images/brick8.gif 80 30 800 100 0.7071067811865475 0.7071067811865475 0.0
actors.BottomWall src/images/brick3.gif 960 16 480 666 0.7071067811865476 0.7071067811865476 0.0
actors.BottomWall src/images/brick3.gif 960 16 480 666 0.7071067811865475 0.7071067811865475 0.0
update
actors.Ball src/images/ball.gif 16 16 240 570 0.7071067811865476 0.7071067811865476 10.0
actors.Paddle src/images/paddle.gif 80 16 250 600 0.7071067811865475 0.7071067811865475 0.0
actors.Brick src/images/brick4.gif 80 30 400 100 0.7071067811865475 0.7071067811865475 0.0
actors.Brick src/images/brick5.gif 80 30 500 100 0.7071067811865475 0.7071067811865475 0.0
actors.Brick src/images/brick6.gif 80 30 600 100 0.7071067811865475 0.7071067811865475 0.0
actors.Brick src/images/brick7.gif 80 30 700 100 0.7071067811865475 0.7071067811865475 0.0
actors.Brick src/images/brick8.gif 80 30 800 100 0.7071067811865475 0.7071067811865475 0.0
actors.BottomWall src/images/brick3.gif 960 16 480 666 0.7071067811865476 0.7071067811865476 0.0
actors.BottomWall src/images/brick3.gif 960 16 480 666 0.7071067811865475 0.7071067811865475 0.0
update
actors.Ball src/images/ball.gif 16 16 247 577 0.7071067811865476 0.7071067811865476 10.0
actors.Paddle src/images/paddle.gif 80 16 240 600 0.7071067811865475 0.7071067811865475 0.0
actors.Brick src/images/brick4.gif 80 30 400 100 0.7071067811865475 0.7071067811865475 0.0
actors.Brick src/images/brick5.gif 80 30 500 100 0.7071067811865475 0.7071067811865475 0.0
actors.Brick src/images/brick6.gif 80 30 600 100 0.7071067811865475 0.7071067811865475 0.0
actors.Brick src/images/brick7.gif 80 30 700 100 0.7071067811865475 0.7071067811865475 0.0
actors.Brick src/images/brick8.gif 80 30 800 100 0.7071067811865475 0.7071067811865475 0.0
actors.BottomWall src/images/brick3.gif 960 16 480 666 0.7071067811865476 0.7071067811865476 0.0
actors.BottomWall src/images/brick3.gif 960 16 480 666 0.7071067811865475 0.7071067811865475 0.0
update
actors.Ball src/images/ball.gif 16 16 254 584 0.7071067811865476 0.7071067811865476 10.0
actors.Paddle src/images/paddle.gif 80 16 230 600 0.7071067811865475 0.7071067811865475 0.0
actors.Brick src/images/brick4.gif 80 30 400 100 0.7071067811865475 0.7071067811865475 0.0
actors.Brick src/images/brick5.gif 80 30 500 100 0.7071067811865475 0.7071067811865475 0.0
actors.Brick src/images/brick6.gif 80 30 600 100 0.7071067811865475 0.7071067811865475 0.0
actors.Brick src/images/brick7.gif 80 30 700 100 0.7071067811865475 0.7071067811865475 0.0
actors.Brick src/images/brick8.gif 80 30 800 100 0.7071067811865475 0.7071067811865475 0.0
actors.BottomWall src/images/brick3.gif 960 16 480 666 0.7071067811865476 0.7071067811865476 0.0
actors.BottomWall src/images/brick3.gif 960 16 480 666 0.7071067811865475 0.7071067811865475 0.0
update
actors.Ball src/images/ball.gif 16 16 261 591 0.7071067811865476 0.7071067811865476 10.0
actors.Paddle src/images/paddle.gif 80 16 220 600 0.7071067811865475 0.7071067811865475 0.0
actors.Brick src/images/brick4.gif 80 30 400 100 0.7071067811865475 0.7071067811865475 0.0
actors.Brick src/images/brick5.gif 80 30 500 100 0.7071067811865475 0.7071067811865475 0.0
actors.Brick src/images/brick6.gif 80 30 600 100 0.7071067811865475 0.7071067811865475 0.0
actors.Brick src/images/brick7.gif 80 30 700 100 0.7071067811865475 0.7071067811865475 0.0
actors.Brick src/images/brick8.gif 80 30 800 100 0.7071067811865475 0.7071067811865475 0.0
actors.BottomWall src/images/brick3.gif 960 16 480 666 0.7071067811865476 0.7071067811865476 0.0
actors.BottomWall src/images/brick3.gif 960 16 480 666 0.7071067811865475 0.7071067811865475 0.0
update
actors.Ball src/images/ball.gif 16 16 268 598 0.7071067811865476 0.7071067811865476 10.0
actors.Paddle src/images/paddle.gif 80 16 220 600 0.7071067811865475 0.7071067811865475 0.0
actors.Brick src/images/brick4.gif 80 30 400 100 0.7071067811865475 0.7071067811865475 0.0
actors.Brick src/images/brick5.gif 80 30 500 100 0.7071067811865475 0.7071067811865475 0.0
actors.Brick src/images/brick6.gif 80 30 600 100 0.7071067811865475 0.7071067811865475 0.0
actors.Brick src/images/brick7.gif 80 30 700 100 0.7071067811865475 0.7071067811865475 0.0
actors.Brick src/images/brick8.gif 80 30 800 100 0.7071067811865475 0.7071067811865475 0.0
actors.BottomWall src/images/brick3.gif 960 16 480 666 0.7071067811865476 0.7071067811865476 0.0
actors.BottomWall src/images/brick3.gif 960 16 480 666 0.7071067811865475 0.7071067811865475 0.0
update
actors.Ball src/images/ball.gif 16 16 275 605 0.7071067811865476 0.7071067811865476 10.0
actors.Paddle src/images/paddle.gif 80 16 220 600 0.7071067811865475 0.7071067811865475 0.0
actors.Brick src/images/brick4.gif 80 30 400 100 0.7071067811865475 0.7071067811865475 0.0
actors.Brick src/images/brick5.gif 80 30 500 100 0.7071067811865475 0.7071067811865475 0.0
actors.Brick src/images/brick6.gif 80 30 600 100 0.7071067811865475 0.7071067811865475 0.0
actors.Brick src/images/brick7.gif 80 30 700 100 0.7071067811865475 0.7071067811865475 0.0
actors.Brick src/images/brick8.gif 80 30 800 100 0.7071067811865475 0.7071067811865475 0.0
actors.BottomWall src/images/brick3.gif 960 16 480 666 0.7071067811865476 0.7071067811865476 0.0
actors.BottomWall src/images/brick3.gif 960 16 480 666 0.7071067811865475 0.7071067811865475 0.0
update
actors.Ball src/images/ball.gif 16 16 282 612 0.7071067811865476 0.7071067811865476 10.0
actors.Paddle src/images/paddle.gif 80 16 220 600 0.7071067811865475 0.7071067811865475 0.0
actors.Brick src/images/brick4.gif 80 30 400 100 0.7071067811865475 0.7071067811865475 0.0
actors.Brick src/images/brick5.gif 80 30 500 100 0.7071067811865475 0.7071067811865475 0.0
actors.Brick src/images/brick6.gif 80 30 600 100 0.7071067811865475 0.7071067811865475 0.0
actors.Brick src/images/brick7.gif 80 30 700 100 0.7071067811865475 0.7071067811865475 0.0
actors.Brick src/images/brick8.gif 80 30 800 100 0.7071067811865475 0.7071067811865475 0.0
actors.BottomWall src/images/brick3.gif 960 16 480 666 0.7071067811865476 0.7071067811865476 0.0
actors.BottomWall src/images/brick3.gif 960 16 480 666 0.7071067811865475 0.7071067811865475 0.0
update
actors.Ball src/images/ball.gif 16 16 289 619 0.7071067811865476 0.7071067811865476 10.0
actors.Paddle src/images/paddle.gif 80 16 220 600 0.7071067811865475 0.7071067811865475 0.0
actors.Brick src/images/brick4.gif 80 30 400 100 0.7071067811865475 0.7071067811865475 0.0
actors.Brick src/images/brick5.gif 80 30 500 100 0.7071067811865475 0.7071067811865475 0.0
actors.Brick src/images/brick6.gif 80 30 600 100 0.7071067811865475 0.7071067811865475 0.0
actors.Brick src/images/brick7.gif 80 30 700 100 0.7071067811865475 0.7071067811865475 0.0
actors.Brick src/images/brick8.gif 80 30 800 100 0.7071067811865475 0.7071067811865475 0.0
actors.BottomWall src/images/brick3.gif 960 16 480 666 0.7071067811865476 0.7071067811865476 0.0
actors.BottomWall src/images/brick3.gif 960 16 480 666 0.7071067811865475 0.7071067811865475 0.0
update
actors.Ball src/images/ball.gif 16 16 296 626 0.7071067811865476 0.7071067811865476 10.0
actors.Paddle src/images/paddle.gif 80 16 220 600 0.7071067811865475 0.7071067811865475 0.0
actors.Brick src/images/brick4.gif 80 30 400 100 0.7071067811865475 0.7071067811865475 0.0
actors.Brick src/images/brick5.gif 80 30 500 100 0.7071067811865475 0.7071067811865475 0.0
actors.Brick src/images/brick6.gif 80 30 600 100 0.7071067811865475 0.7071067811865475 0.0
actors.Brick src/images/brick7.gif 80 30 700 100 0.7071067811865475 0.7071067811865475 0.0
actors.Brick src/images/brick8.gif 80 30 800 100 0.7071067811865475 0.7071067811865475 0.0
actors.BottomWall src/images/brick3.gif 960 16 480 666 0.7071067811865476 0.7071067811865476 0.0
actors.BottomWall src/images/brick3.gif 960 16 480 666 0.7071067811865475 0.7071067811865475 0.0
update
actors.Ball src/images/ball.gif 16 16 303 633 0.7071067811865476 0.7071067811865476 10.0
actors.Paddle src/images/paddle.gif 80 16 230 600 0.7071067811865475 0.7071067811865475 0.0
actors.Brick src/images/brick4.gif 80 30 400 100 0.7071067811865475 0.7071067811865475 0.0
actors.Brick src/images/brick5.gif 80 30 500 100 0.7071067811865475 0.7071067811865475 0.0
actors.Brick src/images/brick6.gif 80 30 600 100 0.7071067811865475 0.7071067811865475 0.0
actors.Brick src/images/brick7.gif 80 30 700 100 0.7071067811865475 0.7071067811865475 0.0
actors.Brick src/images/brick8.gif 80 30 800 100 0.7071067811865475 0.7071067811865475 0.0
actors.BottomWall src/images/brick3.gif 960 16 480 666 0.7071067811865476 0.7071067811865476 0.0
actors.BottomWall src/images/brick3.gif 960 16 480 666 0.7071067811865475 0.7071067811865475 0.0
update
actors.Ball src/images/ball.gif 16 16 310 640 0.7071067811865476 0.7071067811865476 10.0
actors.Paddle src/images/paddle.gif 80 16 240 600 0.7071067811865475 0.7071067811865475 0.0
actors.Brick src/images/brick4.gif 80 30 400 100 0.7071067811865475 0.7071067811865475 0.0
actors.Brick src/images/brick5.gif 80 30 500 100 0.7071067811865475 0.7071067811865475 0.0
actors.Brick src/images/brick6.gif 80 30 600 100 0.7071067811865475 0.7071067811865475 0.0
actors.Brick src/images/brick7.gif 80 30 700 100 0.7071067811865475 0.7071067811865475 0.0
actors.Brick src/images/brick8.gif 80 30 800 100 0.7071067811865475 0.7071067811865475 0.0
actors.BottomWall src/images/brick3.gif 960 16 480 666 0.7071067811865476 0.7071067811865476 0.0
actors.BottomWall src/images/brick3.gif 960 16 480 666 0.7071067811865475 0.7071067811865475 0.0
update
actors.Ball src/images/ball.gif 16 16 317 647 0.7071067811865476 0.7071067811865476 10.0
actors.Paddle src/images/paddle.gif 80 16 250 600 0.7071067811865475 0.7071067811865475 0.0
actors.Brick src/images/brick4.gif 80 30 400 100 0.7071067811865475 0.7071067811865475 0.0
actors.Brick src/images/brick5.gif 80 30 500 100 0.7071067811865475 0.7071067811865475 0.0
actors.Brick src/images/brick6.gif 80 30 600 100 0.7071067811865475 0.7071067811865475 0.0
actors.Brick src/images/brick7.gif 80 30 700 100 0.7071067811865475 0.7071067811865475 0.0
actors.Brick src/images/brick8.gif 80 30 800 100 0.7071067811865475 0.7071067811865475 0.0
actors.BottomWall src/images/brick3.gif 960 16 480 666 0.7071067811865476 0.7071067811865476 0.0
actors.BottomWall src/images/brick3.gif 960 16 480 666 0.7071067811865475 0.7071067811865475 0.0
update
actors.Ball src/images/ball.gif 16 16 480 450 -0.7071067811865475 -0.7071067811865475 10.0
actors.Paddle src/images/paddle.gif 80 16 260 600 0.7071067811865475 0.7071067811865475 0.0
actors.Brick src/images/brick4.gif 80 30 400 100 0.7071067811865475 0.7071067811865475 0.0
actors.Brick src/images/brick5.gif 80 30 500 100 0.7071067811865475 0.7071067811865475 0.0
actors.Brick src/images/brick6.gif 80 30 600 100 0.7071067811865475 0.7071067811865475 0.0
actors.Brick src/images/brick7.gif 80 30 700 100 0.7071067811865475 0.7071067811865475 0.0
actors.Brick src/images/brick8.gif 80 30 800 100 0.7071067811865475 0.7071067811865475 0.0
actors.BottomWall src/images/brick3.gif 960 16 480 666 0.7071067811865476 0.7071067811865476 0.0
actors.BottomWall src/images/brick3.gif 960 16 480 666 0.7071067811865475 0.7071067811865475 0.0
update
actors.Ball src/images/ball.gif 16 16 472 442 -0.7071067811865475 -0.7071067811865475 10.0
actors.Paddle src/images/paddle.gif 80 16 270 600 0.7071067811865475 0.7071067811865475 0.0
actors.Brick src/images/brick4.gif 80 30 400 100 0.7071067811865475 0.7071067811865475 0.0
actors.Brick src/images/brick5.gif 80 30 500 100 0.7071067811865475 0.7071067811865475 0.0
actors.Brick src/images/brick6.gif 80 30 600 100 0.7071067811865475 0.7071067811865475 0.0
actors.Brick src/images/brick7.gif 80 30 700 100 0.7071067811865475 0.7071067811865475 0.0
actors.Brick src/images/brick8.gif 80 30 800 100 0.7071067811865475 0.7071067811865475 0.0
actors.BottomWall src/images/brick3.gif 960 16 480 666 0.7071067811865476 0.7071067811865476 0.0
actors.BottomWall src/images/brick3.gif 960 16 480 666 0.7071067811865475 0.7071067811865475 0.0
update
actors.Ball src/images/ball.gif 16 16 464 434 -0.7071067811865475 -0.7071067811865475 10.0
actors.Paddle src/images/paddle.gif 80 16 280 600 0.7071067811865475 0.7071067811865475 0.0
actors.Brick src/images/brick4.gif 80 30 400 100 0.7071067811865475 0.7071067811865475 0.0
actors.Brick src/images/brick5.gif 80 30 500 100 0.7071067811865475 0.7071067811865475 0.0
actors.Brick src/images/brick6.gif 80 30 600 100 0.7071067811865475 0.7071067811865475 0.0
actors.Brick src/images/brick7.gif 80 30 700 100 0.7071067811865475 0.7071067811865475 0.0
actors.Brick src/images/brick8.gif 80 30 800 100 0.7071067811865475 0.7071067811865475 0.0
actors.BottomWall src/images/brick3.gif 960 16 480 666 0.7071067811865476 0.7071067811865476 0.0
actors.BottomWall src/images/brick3.gif 960 16 480 666 0.7071067811865475 0.7071067811865475 0.0
update
actors.Ball src/images/ball.gif 16 16 456 426 -0.7071067811865475 -0.7071067811865475 10.0
actors.Paddle src/images/paddle.gif 80 16 290 600 0.7071067811865475 0.7071067811865475 0.0
actors.Brick src/images/brick4.gif 80 30 400 100 0.7071067811865475 0.7071067811865475 0.0
actors.Brick src/images/brick5.gif 80 30 500 100 0.7071067811865475 0.7071067811865475 0.0
actors.Brick src/images/brick6.gif 80 30 600 100 0.7071067811865475 0.7071067811865475 0.0
actors.Brick src/images/brick7.gif 80 30 700 100 0.7071067811865475 0.7071067811865475 0.0
actors.Brick src/images/brick8.gif 80 30 800 100 0.7071067811865475 0.7071067811865475 0.0
actors.BottomWall src/images/brick3.gif 960 16 480 666 0.7071067811865476 0.7071067811865476 0.0
actors.BottomWall src/images/brick3.gif 960 16 480 666 0.7071067811865475 0.7071067811865475 0.0
update
actors.Ball src/images/ball.gif 16 16 448 418 -0.7071067811865475 -0.7071067811865475 10.0
actors.Paddle src/images/paddle.gif 80 16 300 600 0.7071067811865475 0.7071067811865475 0.0
actors.Brick src/images/brick4.gif 80 30 400 100 0.7071067811865475 0.7071067811865475 0.0
actors.Brick src/images/brick5.gif 80 30 500 100 0.7071067811865475 0.7071067811865475 0.0
actors.Brick src/images/brick6.gif 80 30 600 100 0.7071067811865475 0.7071067811865475 0.0
actors.Brick src/images/brick7.gif 80 30 700 100 0.7071067811865475 0.7071067811865475 0.0
actors.Brick src/images/brick8.gif 80 30 800 100 0.7071067811865475 0.7071067811865475 0.0
actors.BottomWall src/images/brick3.gif 960 16 480 666 0.7071067811865476 0.7071067811865476 0.0
actors.BottomWall src/images/brick3.gif 960 16 480 666 0.7071067811865475 0.7071067811865475 0.0
update
actors.Ball src/images/ball.gif 16 16 440 410 -0.7071067811865475 -0.7071067811865475 10.0
actors.Paddle src/images/paddle.gif 80 16 310 600 0.7071067811865475 0.7071067811865475 0.0
actors.Brick src/images/brick4.gif 80 30 400 100 0.7071067811865475 0.7071067811865475 0.0
actors.Brick src/images/brick5.gif 80 30 500 100 0.7071067811865475 0.7071067811865475 0.0
actors.Brick src/images/brick6.gif 80 30 600 100 0.7071067811865475 0.7071067811865475 0.0
actors.Brick src/images/brick7.gif 80 30 700 100 0.7071067811865475 0.7071067811865475 0.0
actors.Brick src/images/brick8.gif 80 30 800 100 0.7071067811865475 0.7071067811865475 0.0
actors.BottomWall src/images/brick3.gif 960 16 480 666 0.7071067811865476 0.7071067811865476 0.0
actors.BottomWall src/images/brick3.gif 960 16 480 666 0.7071067811865475 0.7071067811865475 0.0
update
actors.Ball src/images/ball.gif 16 16 432 402 -0.7071067811865475 -0.7071067811865475 10.0
actors.Paddle src/images/paddle.gif 80 16 320 600 0.7071067811865475 0.7071067811865475 0.0
actors.Brick src/images/brick4.gif 80 30 400 100 0.7071067811865475 0.7071067811865475 0.0
actors.Brick src/images/brick5.gif 80 30 500 100 0.7071067811865475 0.7071067811865475 0.0
actors.Brick src/images/brick6.gif 80 30 600 100 0.7071067811865475 0.7071067811865475 0.0
actors.Brick src/images/brick7.gif 80 30 700 100 0.7071067811865475 0.7071067811865475 0.0
actors.Brick src/images/brick8.gif 80 30 800 100 0.7071067811865475 0.7071067811865475 0.0
actors.BottomWall src/images/brick3.gif 960 16 480 666 0.7071067811865476 0.7071067811865476 0.0
actors.BottomWall src/images/brick3.gif 960 16 480 666 0.7071067811865475 0.7071067811865475 0.0
update
actors.Ball src/images/ball.gif 16 16 424 394 -0.7071067811865475 -0.7071067811865475 10.0
actors.Paddle src/images/paddle.gif 80 16 320 600 0.7071067811865475 0.7071067811865475 0.0
actors.Brick src/images/brick4.gif 80 30 400 100 0.7071067811865475 0.7071067811865475 0.0
actors.Brick src/images/brick5.gif 80 30 500 100 0.7071067811865475 0.7071067811865475 0.0
actors.Brick src/images/brick6.gif 80 30 600 100 0.7071067811865475 0.7071067811865475 0.0
actors.Brick src/images/brick7.gif 80 30 700 100 0.7071067811865475 0.7071067811865475 0.0
actors.Brick src/images/brick8.gif 80 30 800 100 0.7071067811865475 0.7071067811865475 0.0
actors.BottomWall src/images/brick3.gif 960 16 480 666 0.7071067811865476 0.7071067811865476 0.0
actors.BottomWall src/images/brick3.gif 960 16 480 666 0.7071067811865475 0.7071067811865475 0.0
update
actors.Ball src/images/ball.gif 16 16 416 386 -0.7071067811865475 -0.7071067811865475 10.0
actors.Paddle src/images/paddle.gif 80 16 320 600 0.7071067811865475 0.7071067811865475 0.0
actors.Brick src/images/brick4.gif 80 30 400 100 0.7071067811865475 0.7071067811865475 0.0
actors.Brick src/images/brick5.gif 80 30 500 100 0.7071067811865475 0.7071067811865475 0.0
actors.Brick src/images/brick6.gif 80 30 600 100 0.7071067811865475 0.7071067811865475 0.0
actors.Brick src/images/brick7.gif 80 30 700 100 0.7071067811865475 0.7071067811865475 0.0
actors.Brick src/images/brick8.gif 80 30 800 100 0.7071067811865475 0.7071067811865475 0.0
actors.BottomWall src/images/brick3.gif 960 16 480 666 0.7071067811865476 0.7071067811865476 0.0
actors.BottomWall src/images/brick3.gif 960 16 480 666 0.7071067811865475 0.7071067811865475 0.0
update
actors.Ball src/images/ball.gif 16 16 408 378 -0.7071067811865475 -0.7071067811865475 10.0
actors.Paddle src/images/paddle.gif 80 16 320 600 0.7071067811865475 0.7071067811865475 0.0
actors.Brick src/images/brick4.gif 80 30 400 100 0.7071067811865475 0.7071067811865475 0.0
actors.Brick src/images/brick5.gif 80 30 500 100 0.7071067811865475 0.7071067811865475 0.0
actors.Brick src/images/brick6.gif 80 30 600 100 0.7071067811865475 0.7071067811865475 0.0
actors.Brick src/images/brick7.gif 80 30 700 100 0.7071067811865475 0.7071067811865475 0.0
actors.Brick src/images/brick8.gif 80 30 800 100 0.7071067811865475 0.7071067811865475 0.0
actors.BottomWall src/images/brick3.gif 960 16 480 666 0.7071067811865476 0.7071067811865476 0.0
actors.BottomWall src/images/brick3.gif 960 16 480 666 0.7071067811865475 0.7071067811865475 0.0
update
actors.Ball src/images/ball.gif 16 16 400 370 -0.7071067811865475 -0.7071067811865475 10.0
actors.Paddle src/images/paddle.gif 80 16 320 600 0.7071067811865475 0.7071067811865475 0.0
actors.Brick src/images/brick4.gif 80 30 400 100 0.7071067811865475 0.7071067811865475 0.0
actors.Brick src/images/brick5.gif 80 30 500 100 0.7071067811865475 0.7071067811865475 0.0
actors.Brick src/images/brick6.gif 80 30 600 100 0.7071067811865475 0.7071067811865475 0.0
actors.Brick src/images/brick7.gif 80 30 700 100 0.7071067811865475 0.7071067811865475 0.0
actors.Brick src/images/brick8.gif 80 30 800 100 0.7071067811865475 0.7071067811865475 0.0
actors.BottomWall src/images/brick3.gif 960 16 480 666 0.7071067811865476 0.7071067811865476 0.0
actors.BottomWall src/images/brick3.gif 960 16 480 666 0.7071067811865475 0.7071067811865475 0.0
update
actors.Ball src/images/ball.gif 16 16 392 362 -0.7071067811865475 -0.7071067811865475 10.0
actors.Paddle src/images/paddle.gif 80 16 320 600 0.7071067811865475 0.7071067811865475 0.0
actors.Brick src/images/brick4.gif 80 30 400 100 0.7071067811865475 0.7071067811865475 0.0
actors.Brick src/images/brick5.gif 80 30 500 100 0.7071067811865475 0.7071067811865475 0.0
actors.Brick src/images/brick6.gif 80 30 600 100 0.7071067811865475 0.7071067811865475 0.0
actors.Brick src/images/brick7.gif 80 30 700 100 0.7071067811865475 0.7071067811865475 0.0
actors.Brick src/images/brick8.gif 80 30 800 100 0.7071067811865475 0.7071067811865475 0.0
actors.BottomWall src/images/brick3.gif 960 16 480 666 0.7071067811865476 0.7071067811865476 0.0
actors.BottomWall src/images/brick3.gif 960 16 480 666 0.7071067811865475 0.7071067811865475 0.0
update
actors.Ball src/images/ball.gif 16 16 384 354 -0.7071067811865475 -0.7071067811865475 10.0
actors.Paddle src/images/paddle.gif 80 16 320 600 0.7071067811865475 0.7071067811865475 0.0
actors.Brick src/images/brick4.gif 80 30 400 100 0.7071067811865475 0.7071067811865475 0.0
actors.Brick src/images/brick5.gif 80 30 500 100 0.7071067811865475 0.7071067811865475 0.0
actors.Brick src/images/brick6.gif 80 30 600 100 0.7071067811865475 0.7071067811865475 0.0
actors.Brick src/images/brick7.gif 80 30 700 100 0.7071067811865475 0.7071067811865475 0.0
actors.Brick src/images/brick8.gif 80 30 800 100 0.7071067811865475 0.7071067811865475 0.0
actors.BottomWall src/images/brick3.gif 960 16 480 666 0.7071067811865476 0.7071067811865476 0.0
actors.BottomWall src/images/brick3.gif 960 16 480 666 0.7071067811865475 0.7071067811865475 0.0
update
actors.Ball src/images/ball.gif 16 16 376 346 -0.7071067811865475 -0.7071067811865475 10.0
actors.Paddle src/images/paddle.gif 80 16 320 600 0.7071067811865475 0.7071067811865475 0.0
actors.Brick src/images/brick4.gif 80 30 400 100 0.7071067811865475 0.7071067811865475 0.0
actors.Brick src/images/brick5.gif 80 30 500 100 0.7071067811865475 0.7071067811865475 0.0
actors.Brick src/images/brick6.gif 80 30 600 100 0.7071067811865475 0.7071067811865475 0.0
actors.Brick src/images/brick7.gif 80 30 700 100 0.7071067811865475 0.7071067811865475 0.0
actors.Brick src/images/brick8.gif 80 30 800 100 0.7071067811865475 0.7071067811865475 0.0
actors.BottomWall src/images/brick3.gif 960 16 480 666 0.7071067811865476 0.7071067811865476 0.0
actors.BottomWall src/images/brick3.gif 960 16 480 666 0.7071067811865475 0.7071067811865475 0.0
update
actors.Ball src/images/ball.gif 16 16 368 338 -0.7071067811865475 -0.7071067811865475 10.0
actors.Paddle src/images/paddle.gif 80 16 320 600 0.7071067811865475 0.7071067811865475 0.0
actors.Brick src/images/brick4.gif 80 30 400 100 0.7071067811865475 0.7071067811865475 0.0
actors.Brick src/images/brick5.gif 80 30 500 100 0.7071067811865475 0.7071067811865475 0.0
actors.Brick src/images/brick6.gif 80 30 600 100 0.7071067811865475 0.7071067811865475 0.0
actors.Brick src/images/brick7.gif 80 30 700 100 0.7071067811865475 0.7071067811865475 0.0
actors.Brick src/images/brick8.gif 80 30 800 100 0.7071067811865475 0.7071067811865475 0.0
actors.BottomWall src/images/brick3.gif 960 16 480 666 0.7071067811865476 0.7071067811865476 0.0
actors.BottomWall src/images/brick3.gif 960 16 480 666 0.7071067811865475 0.7071067811865475 0.0
update
actors.Ball src/images/ball.gif 16 16 360 330 -0.7071067811865475 -0.7071067811865475 10.0
actors.Paddle src/images/paddle.gif 80 16 320 600 0.7071067811865475 0.7071067811865475 0.0
actors.Brick src/images/brick4.gif 80 30 400 100 0.7071067811865475 0.7071067811865475 0.0
actors.Brick src/images/brick5.gif 80 30 500 100 0.7071067811865475 0.7071067811865475 0.0
actors.Brick src/images/brick6.gif 80 30 600 100 0.7071067811865475 0.7071067811865475 0.0
actors.Brick src/images/brick7.gif 80 30 700 100 0.7071067811865475 0.7071067811865475 0.0
actors.Brick src/images/brick8.gif 80 30 800 100 0.7071067811865475 0.7071067811865475 0.0
actors.BottomWall src/images/brick3.gif 960 16 480 666 0.7071067811865476 0.7071067811865476 0.0
actors.BottomWall src/images/brick3.gif 960 16 480 666 0.7071067811865475 0.7071067811865475 0.0
update
actors.Ball src/images/ball.gif 16 16 352 322 -0.7071067811865475 -0.7071067811865475 10.0
actors.Paddle src/images/paddle.gif 80 16 320 600 0.7071067811865475 0.7071067811865475 0.0
actors.Brick src/images/brick4.gif 80 30 400 100 0.7071067811865475 0.7071067811865475 0.0
actors.Brick src/images/brick5.gif 80 30 500 100 0.7071067811865475 0.7071067811865475 0.0
actors.Brick src/images/brick6.gif 80 30 600 100 0.7071067811865475 0.7071067811865475 0.0
actors.Brick src/images/brick7.gif 80 30 700 100 0.7071067811865475 0.7071067811865475 0.0
actors.Brick src/images/brick8.gif 80 30 800 100 0.7071067811865475 0.7071067811865475 0.0
actors.BottomWall src/images/brick3.gif 960 16 480 666 0.7071067811865476 0.7071067811865476 0.0
actors.BottomWall src/images/brick3.gif 960 16 480 666 0.7071067811865475 0.7071067811865475 0.0
update
actors.Ball src/images/ball.gif 16 16 344 314 -0.7071067811865475 -0.7071067811865475 10.0
actors.Paddle src/images/paddle.gif 80 16 320 600 0.7071067811865475 0.7071067811865475 0.0
actors.Brick src/images/brick4.gif 80 30 400 100 0.7071067811865475 0.7071067811865475 0.0
actors.Brick src/images/brick5.gif 80 30 500 100 0.7071067811865475 0.7071067811865475 0.0
actors.Brick src/images/brick6.gif 80 30 600 100 0.7071067811865475 0.7071067811865475 0.0
actors.Brick src/images/brick7.gif 80 30 700 100 0.7071067811865475 0.7071067811865475 0.0
actors.Brick src/images/brick8.gif 80 30 800 100 0.7071067811865475 0.7071067811865475 0.0
actors.BottomWall src/images/brick3.gif 960 16 480 666 0.7071067811865476 0.7071067811865476 0.0
actors.BottomWall src/images/brick3.gif 960 16 480 666 0.7071067811865475 0.7071067811865475 0.0
update
actors.Ball src/images/ball.gif 16 16 336 306 -0.7071067811865475 -0.7071067811865475 10.0
actors.Paddle src/images/paddle.gif 80 16 320 600 0.7071067811865475 0.7071067811865475 0.0
actors.Brick src/images/brick4.gif 80 30 400 100 0.7071067811865475 0.7071067811865475 0.0
actors.Brick src/images/brick5.gif 80 30 500 100 0.7071067811865475 0.7071067811865475 0.0
actors.Brick src/images/brick6.gif 80 30 600 100 0.7071067811865475 0.7071067811865475 0.0
actors.Brick src/images/brick7.gif 80 30 700 100 0.7071067811865475 0.7071067811865475 0.0
actors.Brick src/images/brick8.gif 80 30 800 100 0.7071067811865475 0.7071067811865475 0.0
actors.BottomWall src/images/brick3.gif 960 16 480 666 0.7071067811865476 0.7071067811865476 0.0
actors.BottomWall src/images/brick3.gif 960 16 480 666 0.7071067811865475 0.7071067811865475 0.0
update
actors.Ball src/images/ball.gif 16 16 328 298 -0.7071067811865475 -0.7071067811865475 10.0
actors.Paddle src/images/paddle.gif 80 16 320 600 0.7071067811865475 0.7071067811865475 0.0
actors.Brick src/images/brick4.gif 80 30 400 100 0.7071067811865475 0.7071067811865475 0.0
actors.Brick src/images/brick5.gif 80 30 500 100 0.7071067811865475 0.7071067811865475 0.0
actors.Brick src/images/brick6.gif 80 30 600 100 0.7071067811865475 0.7071067811865475 0.0
actors.Brick src/images/brick7.gif 80 30 700 100 0.7071067811865475 0.7071067811865475 0.0
actors.Brick src/images/brick8.gif 80 30 800 100 0.7071067811865475 0.7071067811865475 0.0
actors.BottomWall src/images/brick3.gif 960 16 480 666 0.7071067811865476 0.7071067811865476 0.0
actors.BottomWall src/images/brick3.gif 960 16 480 666 0.7071067811865475 0.7071067811865475 0.0
