actors.Ball src/images/ball.gif 16 16 27 87 0.7071067811865476 0.7071067811865476 10.0
actors.Paddle src/images/paddle.gif 80 16 580 600 0.7071067811865476 0.7071067811865476 0.0
actors.Brick src/images/brick2.gif 80 30 200 100 0.7071067811865476 0.7071067811865476 0.0
actors.Brick src/images/brick3.gif 80 30 300 100 0.7071067811865476 0.7071067811865476 0.0
actors.Brick src/images/brick4.gif 80 30 400 100 0.7071067811865476 0.7071067811865476 0.0
actors.Brick src/images/brick5.gif 80 30 500 100 0.7071067811865476 0.7071067811865476 0.0
actors.Brick src/images/brick6.gif 80 30 600 100 0.7071067811865476 0.7071067811865476 0.0
actors.Brick src/images/brick7.gif 80 30 700 100 0.7071067811865476 0.7071067811865476 0.0
actors.Brick src/images/brick8.gif 80 30 800 100 0.7071067811865476 0.7071067811865476 0.0
actors.BottomWall src/images/brick3.gif 960 16 480 666 NaN NaN 0.0
actors.BottomWall src/images/brick3.gif 960 16 480 666 0.7071067811865475 0.7071067811865475 0.0
update
actors.Ball src/images/ball.gif 16 16 34 94 0.7071067811865476 0.7071067811865476 10.0
actors.Paddle src/images/paddle.gif 80 16 580 600 0.7071067811865476 0.7071067811865476 0.0
actors.Brick src/images/brick2.gif 80 30 200 100 0.7071067811865476 0.7071067811865476 0.0
actors.Brick src/images/brick3.gif 80 30 300 100 0.7071067811865476 0.7071067811865476 0.0
actors.Brick src/images/brick4.gif 80 30 400 100 0.7071067811865476 0.7071067811865476 0.0
actors.Brick src/images/brick5.gif 80 30 500 100 0.7071067811865476 0.7071067811865476 0.0
actors.Brick src/images/brick6.gif 80 30 600 100 0.7071067811865476 0.7071067811865476 0.0
actors.Brick src/images/brick7.gif 80 30 700 100 0.7071067811865476 0.7071067811865476 0.0
actors.Brick src/images/brick8.gif 80 30 800 100 0.7071067811865476 0.7071067811865476 0.0
actors.BottomWall src/images/brick3.gif 960 16 480 666 NaN NaN 0.0
actors.BottomWall src/images/brick3.gif 960 16 480 666 0.7071067811865475 0.7071067811865475 0.0
update
actors.Ball src/images/ball.gif 16 16 41 101 0.7071067811865476 0.7071067811865476 10.0
actors.Paddle src/images/paddle.gif 80 16 580 600 0.7071067811865476 0.7071067811865476 0.0
actors.Brick src/images/brick2.gif 80 30 200 100 0.7071067811865476 0.7071067811865476 0.0
actors.Brick src/images/brick3.gif 80 30 300 100 0.7071067811865476 0.7071067811865476 0.0
actors.Brick src/images/brick4.gif 80 30 400 100 0.7071067811865476 0.7071067811865476 0.0
actors.Brick src/images/brick5.gif 80 30 500 100 0.7071067811865476 0.7071067811865476 0.0
actors.Brick src/images/brick6.gif 80 30 600 100 0.7071067811865476 0.7071067811865476 0.0
actors.Brick src/images/brick7.gif 80 30 700 100 0.7071067811865476 0.7071067811865476 0.0
actors.Brick src/images/brick8.gif 80 30 800 100 0.7071067811865476 0.7071067811865476 0.0
actors.BottomWall src/images/brick3.gif 960 16 480 666 NaN NaN 0.0
actors.BottomWall src/images/brick3.gif 960 16 480 666 0.7071067811865475 0.7071067811865475 0.0
update
actors.Ball src/images/ball.gif 16 16 48 108 0.7071067811865476 0.7071067811865476 10.0
actors.Paddle src/images/paddle.gif 80 16 580 600 0.7071067811865476 0.7071067811865476 0.0
actors.Brick src/images/brick2.gif 80 30 200 100 0.7071067811865476 0.7071067811865476 0.0
actors.Brick src/images/brick3.gif 80 30 300 100 0.7071067811865476 0.7071067811865476 0.0
actors.Brick src/images/brick4.gif 80 30 400 100 0.7071067811865476 0.7071067811865476 0.0
actors.Brick src/images/brick5.gif 80 30 500 100 0.7071067811865476 0.7071067811865476 0.0
actors.Brick src/images/brick6.gif 80 30 600 100 0.7071067811865476 0.7071067811865476 0.0
actors.Brick src/images/brick7.gif 80 30 700 100 0.7071067811865476 0.7071067811865476 0.0
actors.Brick src/images/brick8.gif 80 30 800 100 0.7071067811865476 0.7071067811865476 0.0
actors.BottomWall src/images/brick3.gif 960 16 480 666 NaN NaN 0.0
actors.BottomWall src/images/brick3.gif 960 16 480 666 0.7071067811865475 0.7071067811865475 0.0
update
actors.Ball src/images/ball.gif 16 16 55 115 0.7071067811865476 0.7071067811865476 10.0
actors.Paddle src/images/paddle.gif 80 16 580 600 0.7071067811865476 0.7071067811865476 0.0
actors.Brick src/images/brick2.gif 80 30 200 100 0.7071067811865476 0.7071067811865476 0.0
actors.Brick src/images/brick3.gif 80 30 300 100 0.7071067811865476 0.7071067811865476 0.0
actors.Brick src/images/brick4.gif 80 30 400 100 0.7071067811865476 0.7071067811865476 0.0
actors.Brick src/images/brick5.gif 80 30 500 100 0.7071067811865476 0.7071067811865476 0.0
actors.Brick src/images/brick6.gif 80 30 600 100 0.7071067811865476 0.7071067811865476 0.0
actors.Brick src/images/brick7.gif 80 30 700 100 0.7071067811865476 0.7071067811865476 0.0
actors.Brick src/images/brick8.gif 80 30 800 100 0.7071067811865476 0.7071067811865476 0.0
actors.BottomWall src/images/brick3.gif 960 16 480 666 NaN NaN 0.0
actors.BottomWall src/images/brick3.gif 960 16 480 666 0.7071067811865475 0.7071067811865475 0.0
update
actors.Ball src/images/ball.gif 16 16 62 122 0.7071067811865476 0.7071067811865476 10.0
actors.Paddle src/images/paddle.gif 80 16 580 600 0.7071067811865476 0.7071067811865476 0.0
actors.Brick src/images/brick2.gif 80 30 200 100 0.7071067811865476 0.7071067811865476 0.0
actors.Brick src/images/brick3.gif 80 30 300 100 0.7071067811865476 0.7071067811865476 0.0
actors.Brick src/images/brick4.gif 80 30 400 100 0.7071067811865476 0.7071067811865476 0.0
actors.Brick src/images/brick5.gif 80 30 500 100 0.7071067811865476 0.7071067811865476 0.0
actors.Brick src/images/brick6.gif 80 30 600 100 0.7071067811865476 0.7071067811865476 0.0
actors.Brick src/images/brick7.gif 80 30 700 100 0.7071067811865476 0.7071067811865476 0.0
actors.Brick src/images/brick8.gif 80 30 800 100 0.7071067811865476 0.7071067811865476 0.0
actors.BottomWall src/images/brick3.gif 960 16 480 666 NaN NaN 0.0
actors.BottomWall src/images/brick3.gif 960 16 480 666 0.7071067811865475 0.7071067811865475 0.0
update
actors.Ball src/images/ball.gif 16 16 69 129 0.7071067811865476 0.7071067811865476 10.0
actors.Paddle src/images/paddle.gif 80 16 580 600 0.7071067811865476 0.7071067811865476 0.0
actors.Brick src/images/brick2.gif 80 30 200 100 0.7071067811865476 0.7071067811865476 0.0
actors.Brick src/images/brick3.gif 80 30 300 100 0.7071067811865476 0.7071067811865476 0.0
actors.Brick src/images/brick4.gif 80 30 400 100 0.7071067811865476 0.7071067811865476 0.0
actors.Brick src/images/brick5.gif 80 30 500 100 0.7071067811865476 0.7071067811865476 0.0
actors.Brick src/images/brick6.gif 80 30 600 100 0.7071067811865476 0.7071067811865476 0.0
actors.Brick src/images/brick7.gif 80 30 700 100 0.7071067811865476 0.7071067811865476 0.0
actors.Brick src/images/brick8.gif 80 30 800 100 0.7071067811865476 0.7071067811865476 0.0
actors.BottomWall src/images/brick3.gif 960 16 480 666 NaN NaN 0.0
actors.BottomWall src/images/brick3.gif 960 16 480 666 0.7071067811865475 0.7071067811865475 0.0
update
actors.Ball src/images/ball.gif 16 16 76 136 0.7071067811865476 0.7071067811865476 10.0
actors.Paddle src/images/paddle.gif 80 16 580 600 0.7071067811865476 0.7071067811865476 0.0
actors.Brick src/images/brick2.gif 80 30 200 100 0.7071067811865476 0.7071067811865476 0.0
actors.Brick src/images/brick3.gif 80 30 300 100 0.7071067811865476 0.7071067811865476 0.0
actors.Brick src/images/brick4.gif 80 30 400 100 0.7071067811865476 0.7071067811865476 0.0
actors.Brick src/images/brick5.gif 80 30 500 100 0.7071067811865476 0.7071067811865476 0.0
actors.Brick src/images/brick6.gif 80 30 600 100 0.7071067811865476 0.7071067811865476 0.0
actors.Brick src/images/brick7.gif 80 30 700 100 0.7071067811865476 0.7071067811865476 0.0
actors.Brick src/images/brick8.gif 80 30 800 100 0.7071067811865476 0.7071067811865476 0.0
actors.BottomWall src/images/brick3.gif 960 16 480 666 NaN NaN 0.0
actors.BottomWall src/images/brick3.gif 960 16 480 666 0.7071067811865475 0.7071067811865475 0.0
update
actors.Ball src/images/ball.gif 16 16 83 143 0.7071067811865476 0.7071067811865476 10.0
actors.Paddle src/images/paddle.gif 80 16 580 600 0.7071067811865476 0.7071067811865476 0.0
actors.Brick src/images/brick2.gif 80 30 200 100 0.7071067811865476 0.7071067811865476 0.0
actors.Brick src/images/brick3.gif 80 30 300 100 0.7071067811865476 0.7071067811865476 0.0
actors.Brick src/images/brick4.gif 80 30 400 100 0.7071067811865476 0.7071067811865476 0.0
actors.Brick src/images/brick5.gif 80 30 500 100 0.7071067811865476 0.7071067811865476 0.0
actors.Brick src/images/brick6.gif 80 30 600 100 0.7071067811865476 0.7071067811865476 0.0
actors.Brick src/images/brick7.gif 80 30 700 100 0.7071067811865476 0.7071067811865476 0.0
actors.Brick src/images/brick8.gif 80 30 800 100 0.7071067811865476 0.7071067811865476 0.0
actors.BottomWall src/images/brick3.gif 960 16 480 666 NaN NaN 0.0
actors.BottomWall src/images/brick3.gif 960 16 480 666 0.7071067811865475 0.7071067811865475 0.0
update
actors.Ball src/images/ball.gif 16 16 90 150 0.7071067811865476 0.7071067811865476 10.0
actors.Paddle src/images/paddle.gif 80 16 580 600 0.7071067811865476 0.7071067811865476 0.0
actors.Brick src/images/brick2.gif 80 30 200 100 0.7071067811865476 0.7071067811865476 0.0
actors.Brick src/images/brick3.gif 80 30 300 100 0.7071067811865476 0.7071067811865476 0.0
actors.Brick src/images/brick4.gif 80 30 400 100 0.7071067811865476 0.7071067811865476 0.0
actors.Brick src/images/brick5.gif 80 30 500 100 0.7071067811865476 0.7071067811865476 0.0
actors.Brick src/images/brick6.gif 80 30 600 100 0.7071067811865476 0.7071067811865476 0.0
actors.Brick src/images/brick7.gif 80 30 700 100 0.7071067811865476 0.7071067811865476 0.0
actors.Brick src/images/brick8.gif 80 30 800 100 0.7071067811865476 0.7071067811865476 0.0
actors.BottomWall src/images/brick3.gif 960 16 480 666 NaN NaN 0.0
actors.BottomWall src/images/brick3.gif 960 16 480 666 0.7071067811865475 0.7071067811865475 0.0
update
actors.Ball src/images/ball.gif 16 16 97 157 0.7071067811865476 0.7071067811865476 10.0
actors.Paddle src/images/paddle.gif 80 16 580 600 0.7071067811865476 0.7071067811865476 0.0
actors.Brick src/images/brick2.gif 80 30 200 100 0.7071067811865476 0.7071067811865476 0.0
actors.Brick src/images/brick3.gif 80 30 300 100 0.7071067811865476 0.7071067811865476 0.0
actors.Brick src/images/brick4.gif 80 30 400 100 0.7071067811865476 0.7071067811865476 0.0
actors.Brick src/images/brick5.gif 80 30 500 100 0.7071067811865476 0.7071067811865476 0.0
actors.Brick src/images/brick6.gif 80 30 600 100 0.7071067811865476 0.7071067811865476 0.0
actors.Brick src/images/brick7.gif 80 30 700 100 0.7071067811865476 0.7071067811865476 0.0
actors.Brick src/images/brick8.gif 80 30 800 100 0.7071067811865476 0.7071067811865476 0.0
actors.BottomWall src/images/brick3.gif 960 16 480 666 NaN NaN 0.0
actors.BottomWall src/images/brick3.gif 960 16 480 666 0.7071067811865475 0.7071067811865475 0.0
update
actors.Ball src/images/ball.gif 16 16 104 164 0.7071067811865476 0.7071067811865476 10.0
actors.Paddle src/images/paddle.gif 80 16 580 600 0.7071067811865476 0.7071067811865476 0.0
actors.Brick src/images/brick2.gif 80 30 200 100 0.7071067811865476 0.7071067811865476 0.0
actors.Brick src/images/brick3.gif 80 30 300 100 0.7071067811865476 0.7071067811865476 0.0
actors.Brick src/images/brick4.gif 80 30 400 100 0.7071067811865476 0.7071067811865476 0.0
actors.Brick src/images/brick5.gif 80 30 500 100 0.7071067811865476 0.7071067811865476 0.0
actors.Brick src/images/brick6.gif 80 30 600 100 0.7071067811865476 0.7071067811865476 0.0
actors.Brick src/images/brick7.gif 80 30 700 100 0.7071067811865476 0.7071067811865476 0.0
actors.Brick src/images/brick8.gif 80 30 800 100 0.7071067811865476 0.7071067811865476 0.0
actors.BottomWall src/images/brick3.gif 960 16 480 666 NaN NaN 0.0
actors.BottomWall src/images/brick3.gif 960 16 480 666 0.7071067811865475 0.7071067811865475 0.0
update
actors.Ball src/images/ball.gif 16 16 111 171 0.7071067811865476 0.7071067811865476 10.0
actors.Paddle src/images/paddle.gif 80 16 580 600 0.7071067811865476 0.7071067811865476 0.0
actors.Brick src/images/brick2.gif 80 30 200 100 0.7071067811865476 0.7071067811865476 0.0
actors.Brick src/images/brick3.gif 80 30 300 100 0.7071067811865476 0.7071067811865476 0.0
actors.Brick src/images/brick4.gif 80 30 400 100 0.7071067811865476 0.7071067811865476 0.0
actors.Brick src/images/brick5.gif 80 30 500 100 0.7071067811865476 0.7071067811865476 0.0
actors.Brick src/images/brick6.gif 80 30 600 100 0.7071067811865476 0.7071067811865476 0.0
actors.Brick src/images/brick7.gif 80 30 700 100 0.7071067811865476 0.7071067811865476 0.0
actors.Brick src/images/brick8.gif 80 30 800 100 0.7071067811865476 0.7071067811865476 0.0
actors.BottomWall src/images/brick3.gif 960 16 480 666 NaN NaN 0.0
actors.BottomWall src/images/brick3.gif 960 16 480 666 0.7071067811865475 0.7071067811865475 0.0
update
actors.Ball src/images/ball.gif 16 16 118 178 0.7071067811865476 0.7071067811865476 10.0
actors.Paddle src/images/paddle.gif 80 16 580 600 0.7071067811865476 0.7071067811865476 0.0
actors.Brick src/images/brick2.gif 80 30 200 100 0.7071067811865476 0.7071067811865476 0.0
actors.Brick src/images/brick3.gif 80 30 300 100 0.7071067811865476 0.7071067811865476 0.0
actors.Brick src/images/brick4.gif 80 30 400 100 0.7071067811865476 0.7071067811865476 0.0
actors.Brick src/images/brick5.gif 80 30 500 100 0.7071067811865476 0.7071067811865476 0.0
actors.Brick src/images/brick6.gif 80 30 600 100 0.7071067811865476 0.7071067811865476 0.0
actors.Brick src/images/brick7.gif 80 30 700 100 0.7071067811865476 0.7071067811865476 0.0
actors.Brick src/images/brick8.gif 80 30 800 100 0.7071067811865476 0.7071067811865476 0.0
actors.BottomWall src/images/brick3.gif 960 16 480 666 NaN NaN 0.0
actors.BottomWall src/images/brick3.gif 960 16 480 666 0.7071067811865475 0.7071067811865475 0.0
update
actors.Ball src/images/ball.gif 16 16 125 185 0.7071067811865476 0.7071067811865476 10.0
actors.Paddle src/images/paddle.gif 80 16 580 600 0.7071067811865476 0.7071067811865476 0.0
actors.Brick src/images/brick2.gif 80 30 200 100 0.7071067811865476 0.7071067811865476 0.0
actors.Brick src/images/brick3.gif 80 30 300 100 0.7071067811865476 0.7071067811865476 0.0
actors.Brick src/images/brick4.gif 80 30 400 100 0.7071067811865476 0.7071067811865476 0.0
actors.Brick src/images/brick5.gif 80 30 500 100 0.7071067811865476 0.7071067811865476 0.0
actors.Brick src/images/brick6.gif 80 30 600 100 0.7071067811865476 0.7071067811865476 0.0
actors.Brick src/images/brick7.gif 80 30 700 100 0.7071067811865476 0.7071067811865476 0.0
actors.Brick src/images/brick8.gif 80 30 800 100 0.7071067811865476 0.7071067811865476 0.0
actors.BottomWall src/images/brick3.gif 960 16 480 666 NaN NaN 0.0
actors.BottomWall src/images/brick3.gif 960 16 480 666 0.7071067811865475 0.7071067811865475 0.0
update
actors.Ball src/images/ball.gif 16 16 132 192 0.7071067811865476 0.7071067811865476 10.0
actors.Paddle src/images/paddle.gif 80 16 580 600 0.7071067811865476 0.7071067811865476 0.0
actors.Brick src/images/brick2.gif 80 30 200 100 0.7071067811865476 0.7071067811865476 0.0
actors.Brick src/images/brick3.gif 80 30 300 100 0.7071067811865476 0.7071067811865476 0.0
actors.Brick src/images/brick4.gif 80 30 400 100 0.7071067811865476 0.7071067811865476 0.0
actors.Brick src/images/brick5.gif 80 30 500 100 0.7071067811865476 0.7071067811865476 0.0
actors.Brick src/images/brick6.gif 80 30 600 100 0.7071067811865476 0.7071067811865476 0.0
actors.Brick src/images/brick7.gif 80 30 700 100 0.7071067811865476 0.7071067811865476 0.0
actors.Brick src/images/brick8.gif 80 30 800 100 0.7071067811865476 0.7071067811865476 0.0
actors.BottomWall src/images/brick3.gif 960 16 480 666 NaN NaN 0.0
actors.BottomWall src/images/brick3.gif 960 16 480 666 0.7071067811865475 0.7071067811865475 0.0
update
actors.Ball src/images/ball.gif 16 16 139 199 0.7071067811865476 0.7071067811865476 10.0
actors.Paddle src/images/paddle.gif 80 16 580 600 0.7071067811865476 0.7071067811865476 0.0
actors.Brick src/images/brick2.gif 80 30 200 100 0.7071067811865476 0.7071067811865476 0.0
actors.Brick src/images/brick3.gif 80 30 300 100 0.7071067811865476 0.7071067811865476 0.0
actors.Brick src/images/brick4.gif 80 30 400 100 0.7071067811865476 0.7071067811865476 0.0
actors.Brick src/images/brick5.gif 80 30 500 100 0.7071067811865476 0.7071067811865476 0.0
actors.Brick src/images/brick6.gif 80 30 600 100 0.7071067811865476 0.7071067811865476 0.0
actors.Brick src/images/brick7.gif 80 30 700 100 0.7071067811865476 0.7071067811865476 0.0
actors.Brick src/images/brick8.gif 80 30 800 100 0.7071067811865476 0.7071067811865476 0.0
actors.BottomWall src/images/brick3.gif 960 16 480 666 NaN NaN 0.0
actors.BottomWall src/images/brick3.gif 960 16 480 666 0.7071067811865475 0.7071067811865475 0.0
update
actors.Ball src/images/ball.gif 16 16 146 206 0.7071067811865476 0.7071067811865476 10.0
actors.Paddle src/images/paddle.gif 80 16 580 600 0.7071067811865476 0.7071067811865476 0.0
actors.Brick src/images/brick2.gif 80 30 200 100 0.7071067811865476 0.7071067811865476 0.0
actors.Brick src/images/brick3.gif 80 30 300 100 0.7071067811865476 0.7071067811865476 0.0
actors.Brick src/images/brick4.gif 80 30 400 100 0.7071067811865476 0.7071067811865476 0.0
actors.Brick src/images/brick5.gif 80 30 500 100 0.7071067811865476 0.7071067811865476 0.0
actors.Brick src/images/brick6.gif 80 30 600 100 0.7071067811865476 0.7071067811865476 0.0
actors.Brick src/images/brick7.gif 80 30 700 100 0.7071067811865476 0.7071067811865476 0.0
actors.Brick src/images/brick8.gif 80 30 800 100 0.7071067811865476 0.7071067811865476 0.0
actors.BottomWall src/images/brick3.gif 960 16 480 666 NaN NaN 0.0
actors.BottomWall src/images/brick3.gif 960 16 480 666 0.7071067811865475 0.7071067811865475 0.0
update
actors.Ball src/images/ball.gif 16 16 153 213 0.7071067811865476 0.7071067811865476 10.0
actors.Paddle src/images/paddle.gif 80 16 580 600 0.7071067811865476 0.7071067811865476 0.0
actors.Brick src/images/brick2.gif 80 30 200 100 0.7071067811865476 0.7071067811865476 0.0
actors.Brick src/images/brick3.gif 80 30 300 100 0.7071067811865476 0.7071067811865476 0.0
actors.Brick src/images/brick4.gif 80 30 400 100 0.7071067811865476 0.7071067811865476 0.0
actors.Brick src/images/brick5.gif 80 30 500 100 0.7071067811865476 0.7071067811865476 0.0
actors.Brick src/images/brick6.gif 80 30 600 100 0.7071067811865476 0.7071067811865476 0.0
actors.Brick src/images/brick7.gif 80 30 700 100 0.7071067811865476 0.7071067811865476 0.0
actors.Brick src/images/brick8.gif 80 30 800 100 0.7071067811865476 0.7071067811865476 0.0
actors.BottomWall src/images/brick3.gif 960 16 480 666 NaN NaN 0.0
actors.BottomWall src/images/brick3.gif 960 16 480 666 0.7071067811865475 0.7071067811865475 0.0
update
actors.Ball src/images/ball.gif 16 16 160 220 0.7071067811865476 0.7071067811865476 10.0
actors.Paddle src/images/paddle.gif 80 16 580 600 0.7071067811865476 0.7071067811865476 0.0
actors.Brick src/images/brick2.gif 80 30 200 100 0.7071067811865476 0.7071067811865476 0.0
actors.Brick src/images/brick3.gif 80 30 300 100 0.7071067811865476 0.7071067811865476 0.0
actors.Brick src/images/brick4.gif 80 30 400 100 0.7071067811865476 0.7071067811865476 0.0
actors.Brick src/images/brick5.gif 80 30 500 100 0.7071067811865476 0.7071067811865476 0.0
actors.Brick src/images/brick6.gif 80 30 600 100 0.7071067811865476 0.7071067811865476 0.0
actors.Brick src/images/brick7.gif 80 30 700 100 0.7071067811865476 0.7071067811865476 0.0
actors.Brick src/images/brick8.gif 80 30 800 100 0.7071067811865476 0.7071067811865476 0.0
actors.BottomWall src/images/brick3.gif 960 16 480 666 NaN NaN 0.0
actors.BottomWall src/images/brick3.gif 960 16 480 666 0.7071067811865475 0.7071067811865475 0.0
update
actors.Ball src/images/ball.gif 16 16 167 227 0.7071067811865476 0.7071067811865476 10.0
actors.Paddle src/images/paddle.gif 80 16 580 600 0.7071067811865476 0.7071067811865476 0.0
actors.Brick src/images/brick2.gif 80 30 200 100 0.7071067811865476 0.7071067811865476 0.0
actors.Brick src/images/brick3.gif 80 30 300 100 0.7071067811865476 0.7071067811865476 0.0
actors.Brick src/images/brick4.gif 80 30 400 100 0.7071067811865476 0.7071067811865476 0.0
actors.Brick src/images/brick5.gif 80 30 500 100 0.7071067811865476 0.7071067811865476 0.0
actors.Brick src/images/brick6.gif 80 30 600 100 0.7071067811865476 0.7071067811865476 0.0
actors.Brick src/images/brick7.gif 80 30 700 100 0.7071067811865476 0.7071067811865476 0.0
actors.Brick src/images/brick8.gif 80 30 800 100 0.7071067811865476 0.7071067811865476 0.0
actors.BottomWall src/images/brick3.gif 960 16 480 666 NaN NaN 0.0
actors.BottomWall src/images/brick3.gif 960 16 480 666 0.7071067811865475 0.7071067811865475 0.0
update
actors.Ball src/images/ball.gif 16 16 174 234 0.7071067811865476 0.7071067811865476 10.0
actors.Paddle src/images/paddle.gif 80 16 580 600 0.7071067811865476 0.7071067811865476 0.0
actors.Brick src/images/brick2.gif 80 30 200 100 0.7071067811865476 0.7071067811865476 0.0
actors.Brick src/images/brick3.gif 80 30 300 100 0.7071067811865476 0.7071067811865476 0.0
actors.Brick src/images/brick4.gif 80 30 400 100 0.7071067811865476 0.7071067811865476 0.0
actors.Brick src/images/brick5.gif 80 30 500 100 0.7071067811865476 0.7071067811865476 0.0
actors.Brick src/images/brick6.gif 80 30 600 100 0.7071067811865476 0.7071067811865476 0.0
actors.Brick src/images/brick7.gif 80 30 700 100 0.7071067811865476 0.7071067811865476 0.0
actors.Brick src/images/brick8.gif 80 30 800 100 0.7071067811865476 0.7071067811865476 0.0
actors.BottomWall src/images/brick3.gif 960 16 480 666 NaN NaN 0.0
actors.BottomWall src/images/brick3.gif 960 16 480 666 0.7071067811865475 0.7071067811865475 0.0
update
actors.Ball src/images/ball.gif 16 16 181 241 0.7071067811865476 0.7071067811865476 10.0
actors.Paddle src/images/paddle.gif 80 16 580 600 0.7071067811865476 0.7071067811865476 0.0
actors.Brick src/images/brick2.gif 80 30 200 100 0.7071067811865476 0.7071067811865476 0.0
actors.Brick src/images/brick3.gif 80 30 300 100 0.7071067811865476 0.7071067811865476 0.0
actors.Brick src/images/brick4.gif 80 30 400 100 0.7071067811865476 0.7071067811865476 0.0
actors.Brick src/images/brick5.gif 80 30 500 100 0.7071067811865476 0.7071067811865476 0.0
actors.Brick src/images/brick6.gif 80 30 600 100 0.7071067811865476 0.7071067811865476 0.0
actors.Brick src/images/brick7.gif 80 30 700 100 0.7071067811865476 0.7071067811865476 0.0
actors.Brick src/images/brick8.gif 80 30 800 100 0.7071067811865476 0.7071067811865476 0.0
actors.BottomWall src/images/brick3.gif 960 16 480 666 NaN NaN 0.0
actors.BottomWall src/images/brick3.gif 960 16 480 666 0.7071067811865475 0.7071067811865475 0.0
update
actors.Ball src/images/ball.gif 16 16 188 248 0.7071067811865476 0.7071067811865476 10.0
actors.Paddle src/images/paddle.gif 80 16 580 600 0.7071067811865476 0.7071067811865476 0.0
actors.Brick src/images/brick2.gif 80 30 200 100 0.7071067811865476 0.7071067811865476 0.0
actors.Brick src/images/brick3.gif 80 30 300 100 0.7071067811865476 0.7071067811865476 0.0
actors.Brick src/images/brick4.gif 80 30 400 100 0.7071067811865476 0.7071067811865476 0.0
actors.Brick src/images/brick5.gif 80 30 500 100 0.7071067811865476 0.7071067811865476 0.0
actors.Brick src/images/brick6.gif 80 30 600 100 0.7071067811865476 0.7071067811865476 0.0
actors.Brick src/images/brick7.gif 80 30 700 100 0.7071067811865476 0.7071067811865476 0.0
actors.Brick src/images/brick8.gif 80 30 800 100 0.7071067811865476 0.7071067811865476 0.0
actors.BottomWall src/images/brick3.gif 960 16 480 666 NaN NaN 0.0
actors.BottomWall src/images/brick3.gif 960 16 480 666 0.7071067811865475 0.7071067811865475 0.0
update
actors.Ball src/images/ball.gif 16 16 195 255 0.7071067811865476 0.7071067811865476 10.0
actors.Paddle src/images/paddle.gif 80 16 580 600 0.7071067811865476 0.7071067811865476 0.0
actors.Brick src/images/brick2.gif 80 30 200 100 0.7071067811865476 0.7071067811865476 0.0
actors.Brick src/images/brick3.gif 80 30 300 100 0.7071067811865476 0.7071067811865476 0.0
actors.Brick src/images/brick4.gif 80 30 400 100 0.7071067811865476 0.7071067811865476 0.0
actors.Brick src/images/brick5.gif 80 30 500 100 0.7071067811865476 0.7071067811865476 0.0
actors.Brick src/images/brick6.gif 80 30 600 100 0.7071067811865476 0.7071067811865476 0.0
actors.Brick src/images/brick7.gif 80 30 700 100 0.7071067811865476 0.7071067811865476 0.0
actors.Brick src/images/brick8.gif 80 30 800 100 0.7071067811865476 0.7071067811865476 0.0
actors.BottomWall src/images/brick3.gif 960 16 480 666 NaN NaN 0.0
actors.BottomWall src/images/brick3.gif 960 16 480 666 0.7071067811865475 0.7071067811865475 0.0
update
actors.Ball src/images/ball.gif 16 16 202 262 0.7071067811865476 0.7071067811865476 10.0
actors.Paddle src/images/paddle.gif 80 16 580 600 0.7071067811865476 0.7071067811865476 0.0
actors.Brick src/images/brick2.gif 80 30 200 100 0.7071067811865476 0.7071067811865476 0.0
actors.Brick src/images/brick3.gif 80 30 300 100 0.7071067811865476 0.7071067811865476 0.0
actors.Brick src/images/brick4.gif 80 30 400 100 0.7071067811865476 0.7071067811865476 0.0
actors.Brick src/images/brick5.gif 80 30 500 100 0.7071067811865476 0.7071067811865476 0.0
actors.Brick src/images/brick6.gif 80 30 600 100 0.7071067811865476 0.7071067811865476 0.0
actors.Brick src/images/brick7.gif 80 30 700 100 0.7071067811865476 0.7071067811865476 0.0
actors.Brick src/images/brick8.gif 80 30 800 100 0.7071067811865476 0.7071067811865476 0.0
actors.BottomWall src/images/brick3.gif 960 16 480 666 NaN NaN 0.0
actors.BottomWall src/images/brick3.gif 960 16 480 666 0.7071067811865475 0.7071067811865475 0.0
update
actors.Ball src/images/ball.gif 16 16 209 269 0.7071067811865476 0.7071067811865476 10.0
actors.Paddle src/images/paddle.gif 80 16 580 600 0.7071067811865476 0.7071067811865476 0.0
actors.Brick src/images/brick2.gif 80 30 200 100 0.7071067811865476 0.7071067811865476 0.0
actors.Brick src/images/brick3.gif 80 30 300 100 0.7071067811865476 0.7071067811865476 0.0
actors.Brick src/images/brick4.gif 80 30 400 100 0.7071067811865476 0.7071067811865476 0.0
actors.Brick src/images/brick5.gif 80 30 500 100 0.7071067811865476 0.7071067811865476 0.0
actors.Brick src/images/brick6.gif 80 30 600 100 0.7071067811865476 0.7071067811865476 0.0
actors.Brick src/images/brick7.gif 80 30 700 100 0.7071067811865476 0.7071067811865476 0.0
actors.Brick src/images/brick8.gif 80 30 800 100 0.7071067811865476 0.7071067811865476 0.0
actors.BottomWall src/images/brick3.gif 960 16 480 666 NaN NaN 0.0
actors.BottomWall src/images/brick3.gif 960 16 480 666 0.7071067811865475 0.7071067811865475 0.0
