actors.Ball src/images/ball.gif 16 16 202 52 0.7071067811865476 0.7071067811865476 10.0
actors.Paddle src/images/paddle.gif 80 16 580 600 0.7071067811865476 0.7071067811865476 0.0
actors.Brick src/images/brick3.gif 80 30 300 100 0.7071067811865476 0.7071067811865476 0.0
actors.Brick src/images/brick4.gif 80 30 400 100 0.7071067811865476 0.7071067811865476 0.0
actors.Brick src/images/brick5.gif 80 30 500 100 0.7071067811865476 0.7071067811865476 0.0
actors.Brick src/images/brick6.gif 80 30 600 100 0.7071067811865476 0.7071067811865476 0.0
actors.Brick src/images/brick7.gif 80 30 700 100 0.7071067811865476 0.7071067811865476 0.0
actors.Brick src/images/brick8.gif 80 30 800 100 0.7071067811865476 0.7071067811865476 0.0
actors.BottomWall src/images/brick3.gif 960 16 480 666 0.7071067811865476 0.7071067811865476 0.0
actors.BottomWall src/images/brick3.gif 960 16 480 666 0.7071067811865475 0.7071067811865475 0.0
update
actors.Ball src/images/ball.gif 16 16 209 59 0.7071067811865476 0.7071067811865476 10.0
actors.Paddle src/images/paddle.gif 80 16 580 600 0.7071067811865476 0.7071067811865476 0.0
actors.Brick src/images/brick3.gif 80 30 300 100 0.7071067811865476 0.7071067811865476 0.0
actors.Brick src/images/brick4.gif 80 30 400 100 0.7071067811865476 0.7071067811865476 0.0
actors.Brick src/images/brick5.gif 80 30 500 100 0.7071067811865476 0.7071067811865476 0.0
actors.Brick src/images/brick6.gif 80 30 600 100 0.7071067811865476 0.7071067811865476 0.0
actors.Brick src/images/brick7.gif 80 30 700 100 0.7071067811865476 0.7071067811865476 0.0
actors.Brick src/images/brick8.gif 80 30 800 100 0.7071067811865476 0.7071067811865476 0.0
actors.BottomWall src/images/brick3.gif 960 16 480 666 0.7071067811865476 0.7071067811865476 0.0
actors.BottomWall src/images/brick3.gif 960 16 480 666 0.7071067811865475 0.7071067811865475 0.0
update
actors.Ball src/images/ball.gif 16 16 216 66 0.7071067811865476 0.7071067811865476 10.0
actors.Paddle src/images/paddle.gif 80 16 580 600 0.7071067811865476 0.7071067811865476 0.0
actors.Brick src/images/brick3.gif 80 30 300 100 0.7071067811865476 0.7071067811865476 0.0
actors.Brick src/images/brick4.gif 80 30 400 100 0.7071067811865476 0.7071067811865476 0.0
actors.Brick src/images/brick5.gif 80 30 500 100 0.7071067811865476 0.7071067811865476 0.0
actors.Brick src/images/brick6.gif 80 30 600 100 0.7071067811865476 0.7071067811865476 0.0
actors.Brick src/images/brick7.gif 80 30 700 100 0.7071067811865476 0.7071067811865476 0.0
actors.Brick src/images/brick8.gif 80 30 800 100 0.7071067811865476 0.7071067811865476 0.0
actors.BottomWall src/images/brick3.gif 960 16 480 666 0.7071067811865476 0.7071067811865476 0.0
actors.BottomWall src/images/brick3.gif 960 16 480 666 0.7071067811865475 0.7071067811865475 0.0
update
actors.Ball src/images/ball.gif 16 16 223 73 0.7071067811865476 0.7071067811865476 10.0
actors.Paddle src/images/paddle.gif 80 16 580 600 0.7071067811865476 0.7071067811865476 0.0
actors.Brick src/images/brick3.gif 80 30 300 100 0.7071067811865476 0.7071067811865476 0.0
actors.Brick src/images/brick4.gif 80 30 400 100 0.7071067811865476 0.7071067811865476 0.0
actors.Brick src/images/brick5.gif 80 30 500 100 0.7071067811865476 0.7071067811865476 0.0
actors.Brick src/images/brick6.gif 80 30 600 100 0.7071067811865476 0.7071067811865476 0.0
actors.Brick src/images/brick7.gif 80 30 700 100 0.7071067811865476 0.7071067811865476 0.0
actors.Brick src/images/brick8.gif 80 30 800 100 0.7071067811865476 0.7071067811865476 0.0
actors.BottomWall src/images/brick3.gif 960 16 480 666 0.7071067811865476 0.7071067811865476 0.0
actors.BottomWall src/images/brick3.gif 960 16 480 666 0.7071067811865475 0.7071067811865475 0.0
update
actors.Ball src/images/ball.gif 16 16 230 80 0.7071067811865476 0.7071067811865476 10.0
actors.Paddle src/images/paddle.gif 80 16 580 600 0.7071067811865476 0.7071067811865476 0.0
actors.Brick src/images/brick3.gif 80 30 300 100 0.7071067811865476 0.7071067811865476 0.0
actors.Brick src/images/brick4.gif 80 30 400 100 0.7071067811865476 0.7071067811865476 0.0
actors.Brick src/images/brick5.gif 80 30 500 100 0.7071067811865476 0.7071067811865476 0.0
actors.Brick src/images/brick6.gif 80 30 600 100 0.7071067811865476 0.7071067811865476 0.0
actors.Brick src/images/brick7.gif 80 30 700 100 0.7071067811865476 0.7071067811865476 0.0
actors.Brick src/images/brick8.gif 80 30 800 100 0.7071067811865476 0.7071067811865476 0.0
actors.BottomWall src/images/brick3.gif 960 16 480 666 0.7071067811865476 0.7071067811865476 0.0
actors.BottomWall src/images/brick3.gif 960 16 480 666 0.7071067811865475 0.7071067811865475 0.0
update
actors.Ball src/images/ball.gif 16 16 237 87 0.7071067811865476 0.7071067811865476 10.0
actors.Paddle src/images/paddle.gif 80 16 580 600 0.7071067811865476 0.7071067811865476 0.0
actors.Brick src/images/brick3.gif 80 30 300 100 0.7071067811865476 0.7071067811865476 0.0
actors.Brick src/images/brick4.gif 80 30 400 100 0.7071067811865476 0.7071067811865476 0.0
actors.Brick src/images/brick5.gif 80 30 500 100 0.7071067811865476 0.7071067811865476 0.0
actors.Brick src/images/brick6.gif 80 30 600 100 0.7071067811865476 0.7071067811865476 0.0
actors.Brick src/images/brick7.gif 80 30 700 100 0.7071067811865476 0.7071067811865476 0.0
actors.Brick src/images/brick8.gif 80 30 800 100 0.7071067811865476 0.7071067811865476 0.0
actors.BottomWall src/images/brick3.gif 960 16 480 666 0.7071067811865476 0.7071067811865476 0.0
actors.BottomWall src/images/brick3.gif 960 16 480 666 0.7071067811865475 0.7071067811865475 0.0
update
actors.Ball src/images/ball.gif 16 16 244 94 0.7071067811865476 0.7071067811865476 10.0
actors.Paddle src/images/paddle.gif 80 16 580 600 0.7071067811865476 0.7071067811865476 0.0
actors.Brick src/images/brick3.gif 80 30 300 100 0.7071067811865476 0.7071067811865476 0.0
actors.Brick src/images/brick4.gif 80 30 400 100 0.7071067811865476 0.7071067811865476 0.0
actors.Brick src/images/brick5.gif 80 30 500 100 0.7071067811865476 0.7071067811865476 0.0
actors.Brick src/images/brick6.gif 80 30 600 100 0.7071067811865476 0.7071067811865476 0.0
actors.Brick src/images/brick7.gif 80 30 700 100 0.7071067811865476 0.7071067811865476 0.0
actors.Brick src/images/brick8.gif 80 30 800 100 0.7071067811865476 0.7071067811865476 0.0
actors.BottomWall src/images/brick3.gif 960 16 480 666 0.7071067811865476 0.7071067811865476 0.0
actors.BottomWall src/images/brick3.gif 960 16 480 666 0.7071067811865475 0.7071067811865475 0.0
update
actors.Ball src/images/ball.gif 16 16 251 101 0.7071067811865476 0.7071067811865476 10.0
actors.Paddle src/images/paddle.gif 80 16 580 600 0.7071067811865476 0.7071067811865476 0.0
actors.Brick src/images/brick3.gif 80 30 300 100 0.7071067811865476 0.7071067811865476 0.0
actors.Brick src/images/brick4.gif 80 30 400 100 0.7071067811865476 0.7071067811865476 0.0
actors.Brick src/images/brick5.gif 80 30 500 100 0.7071067811865476 0.7071067811865476 0.0
actors.Brick src/images/brick6.gif 80 30 600 100 0.7071067811865476 0.7071067811865476 0.0
actors.Brick src/images/brick7.gif 80 30 700 100 0.7071067811865476 0.7071067811865476 0.0
actors.Brick src/images/brick8.gif 80 30 800 100 0.7071067811865476 0.7071067811865476 0.0
actors.BottomWall src/images/brick3.gif 960 16 480 666 0.7071067811865476 0.7071067811865476 0.0
actors.BottomWall src/images/brick3.gif 960 16 480 666 0.7071067811865475 0.7071067811865475 0.0
update
actors.Ball src/images/ball.gif 16 16 250 115 -0.7071067811865476 0.7071067811865476 10.0
actors.Paddle src/images/paddle.gif 80 16 580 600 0.7071067811865476 0.7071067811865476 0.0
actors.Brick src/images/brick3.gif 80 30 300 100 0.7071067811865476 0.7071067811865476 0.0
actors.Brick src/images/brick4.gif 80 30 400 100 0.7071067811865476 0.7071067811865476 0.0
actors.Brick src/images/brick5.gif 80 30 500 100 0.7071067811865476 0.7071067811865476 0.0
actors.Brick src/images/brick6.gif 80 30 600 100 0.7071067811865476 0.7071067811865476 0.0
actors.Brick src/images/brick7.gif 80 30 700 100 0.7071067811865476 0.7071067811865476 0.0
actors.Brick src/images/brick8.gif 80 30 800 100 0.7071067811865476 0.7071067811865476 0.0
actors.BottomWall src/images/brick3.gif 960 16 480 666 0.7071067811865476 0.7071067811865476 0.0
actors.BottomWall src/images/brick3.gif 960 16 480 666 0.7071067811865475 0.7071067811865475 0.0
update
actors.Ball src/images/ball.gif 16 16 242 122 -0.7071067811865476 0.7071067811865476 10.0
actors.Paddle src/images/paddle.gif 80 16 580 600 0.7071067811865476 0.7071067811865476 0.0
actors.Brick src/images/brick3.gif 80 30 300 100 0.7071067811865476 0.7071067811865476 0.0
actors.Brick src/images/brick4.gif 80 30 400 100 0.7071067811865476 0.7071067811865476 0.0
actors.Brick src/images/brick5.gif 80 30 500 100 0.7071067811865476 0.7071067811865476 0.0
actors.Brick src/images/brick6.gif 80 30 600 100 0.7071067811865476 0.7071067811865476 0.0
actors.Brick src/images/brick7.gif 80 30 700 100 0.7071067811865476 0.7071067811865476 0.0
actors.Brick src/images/brick8.gif 80 30 800 100 0.7071067811865476 0.7071067811865476 0.0
actors.BottomWall src/images/brick3.gif 960 16 480 666 0.7071067811865476 0.7071067811865476 0.0
actors.BottomWall src/images/brick3.gif 960 16 480 666 0.7071067811865475 0.7071067811865475 0.0
update
actors.Ball src/images/ball.gif 16 16 234 129 -0.7071067811865476 0.7071067811865476 10.0
actors.Paddle src/images/paddle.gif 80 16 580 600 0.7071067811865476 0.7071067811865476 0.0
actors.Brick src/images/brick3.gif 80 30 300 100 0.7071067811865476 0.7071067811865476 0.0
actors.Brick src/images/brick4.gif 80 30 400 100 0.7071067811865476 0.7071067811865476 0.0
actors.Brick src/images/brick5.gif 80 30 500 100 0.7071067811865476 0.7071067811865476 0.0
actors.Brick src/images/brick6.gif 80 30 600 100 0.7071067811865476 0.7071067811865476 0.0
actors.Brick src/images/brick7.gif 80 30 700 100 0.7071067811865476 0.7071067811865476 0.0
actors.Brick src/images/brick8.gif 80 30 800 100 0.7071067811865476 0.7071067811865476 0.0
actors.BottomWall src/images/brick3.gif 960 16 480 666 0.7071067811865476 0.7071067811865476 0.0
actors.BottomWall src/images/brick3.gif 960 16 480 666 0.7071067811865475 0.7071067811865475 0.0
update
actors.Ball src/images/ball.gif 16 16 226 136 -0.7071067811865476 0.7071067811865476 10.0
actors.Paddle src/images/paddle.gif 80 16 580 600 0.7071067811865476 0.7071067811865476 0.0
actors.Brick src/images/brick3.gif 80 30 300 100 0.7071067811865476 0.7071067811865476 0.0
actors.Brick src/images/brick4.gif 80 30 400 100 0.7071067811865476 0.7071067811865476 0.0
actors.Brick src/images/brick5.gif 80 30 500 100 0.7071067811865476 0.7071067811865476 0.0
actors.Brick src/images/brick6.gif 80 30 600 100 0.7071067811865476 0.7071067811865476 0.0
actors.Brick src/images/brick7.gif 80 30 700 100 0.7071067811865476 0.7071067811865476 0.0
actors.Brick src/images/brick8.gif 80 30 800 100 0.7071067811865476 0.7071067811865476 0.0
actors.BottomWall src/images/brick3.gif 960 16 480 666 0.7071067811865476 0.7071067811865476 0.0
actors.BottomWall src/images/brick3.gif 960 16 480 666 0.7071067811865475 0.7071067811865475 0.0
update
actors.Ball src/images/ball.gif 16 16 218 143 -0.7071067811865476 0.7071067811865476 10.0
actors.Paddle src/images/paddle.gif 80 16 580 600 0.7071067811865476 0.7071067811865476 0.0
actors.Brick src/images/brick3.gif 80 30 300 100 0.7071067811865476 0.7071067811865476 0.0
actors.Brick src/images/brick4.gif 80 30 400 100 0.7071067811865476 0.7071067811865476 0.0
actors.Brick src/images/brick5.gif 80 30 500 100 0.7071067811865476 0.7071067811865476 0.0
actors.Brick src/images/brick6.gif 80 30 600 100 0.7071067811865476 0.7071067811865476 0.0
actors.Brick src/images/brick7.gif 80 30 700 100 0.7071067811865476 0.7071067811865476 0.0
actors.Brick src/images/brick8.gif 80 30 800 100 0.7071067811865476 0.7071067811865476 0.0
actors.BottomWall src/images/brick3.gif 960 16 480 666 0.7071067811865476 0.7071067811865476 0.0
actors.BottomWall src/images/brick3.gif 960 16 480 666 0.7071067811865475 0.7071067811865475 0.0
update
actors.Ball src/images/ball.gif 16 16 210 150 -0.7071067811865476 0.7071067811865476 10.0
actors.Paddle src/images/paddle.gif 80 16 580 600 0.7071067811865476 0.7071067811865476 0.0
actors.Brick src/images/brick3.gif 80 30 300 100 0.7071067811865476 0.7071067811865476 0.0
actors.Brick src/images/brick4.gif 80 30 400 100 0.7071067811865476 0.7071067811865476 0.0
actors.Brick src/images/brick5.gif 80 30 500 100 0.7071067811865476 0.7071067811865476 0.0
actors.Brick src/images/brick6.gif 80 30 600 100 0.7071067811865476 0.7071067811865476 0.0
actors.Brick src/images/brick7.gif 80 30 700 100 0.7071067811865476 0.7071067811865476 0.0
actors.Brick src/images/brick8.gif 80 30 800 100 0.7071067811865476 0.7071067811865476 0.0
actors.BottomWall src/images/brick3.gif 960 16 480 666 0.7071067811865476 0.7071067811865476 0.0
actors.BottomWall src/images/brick3.gif 960 16 480 666 0.7071067811865475 0.7071067811865475 0.0
update
actors.Ball src/images/ball.gif 16 16 202 157 -0.7071067811865476 0.7071067811865476 10.0
actors.Paddle src/images/paddle.gif 80 16 580 600 0.7071067811865476 0.7071067811865476 0.0
actors.Brick src/images/brick3.gif 80 30 300 100 0.7071067811865476 0.7071067811865476 0.0
actors.Brick src/images/brick4.gif 80 30 400 100 0.7071067811865476 0.7071067811865476 0.0
actors.Brick src/images/brick5.gif 80 30 500 100 0.7071067811865476 0.7071067811865476 0.0
actors.Brick src/images/brick6.gif 80 30 600 100 0.7071067811865476 0.7071067811865476 0.0
actors.Brick src/images/brick7.gif 80 30 700 100 0.7071067811865476 0.7071067811865476 0.0
actors.Brick src/images/brick8.gif 80 30 800 100 0.7071067811865476 0.7071067811865476 0.0
actors.BottomWall src/images/brick3.gif 960 16 480 666 0.7071067811865476 0.7071067811865476 0.0
actors.BottomWall src/images/brick3.gif 960 16 480 666 0.7071067811865475 0.7071067811865475 0.0
update
actors.Ball src/images/ball.gif 16 16 194 164 -0.7071067811865476 0.7071067811865476 10.0
actors.Paddle src/images/paddle.gif 80 16 580 600 0.7071067811865476 0.7071067811865476 0.0
actors.Brick src/images/brick3.gif 80 30 300 100 0.7071067811865476 0.7071067811865476 0.0
actors.Brick src/images/brick4.gif 80 30 400 100 0.7071067811865476 0.7071067811865476 0.0
actors.Brick src/images/brick5.gif 80 30 500 100 0.7071067811865476 0.7071067811865476 0.0
actors.Brick src/images/brick6.gif 80 30 600 100 0.7071067811865476 0.7071067811865476 0.0
actors.Brick src/images/brick7.gif 80 30 700 100 0.7071067811865476 0.7071067811865476 0.0
actors.Brick src/images/brick8.gif 80 30 800 100 0.7071067811865476 0.7071067811865476 0.0
actors.BottomWall src/images/brick3.gif 960 16 480 666 0.7071067811865476 0.7071067811865476 0.0
actors.BottomWall src/images/brick3.gif 960 16 480 666 0.7071067811865475 0.7071067811865475 0.0
update
actors.Ball src/images/ball.gif 16 16 186 171 -0.7071067811865476 0.7071067811865476 10.0
actors.Paddle src/images/paddle.gif 80 16 580 600 0.7071067811865476 0.7071067811865476 0.0
actors.Brick src/images/brick3.gif 80 30 300 100 0.7071067811865476 0.7071067811865476 0.0
actors.Brick src/images/brick4.gif 80 30 400 100 0.7071067811865476 0.7071067811865476 0.0
actors.Brick src/images/brick5.gif 80 30 500 100 0.7071067811865476 0.7071067811865476 0.0
actors.Brick src/images/brick6.gif 80 30 600 100 0.7071067811865476 0.7071067811865476 0.0
actors.Brick src/images/brick7.gif 80 30 700 100 0.7071067811865476 0.7071067811865476 0.0
actors.Brick src/images/brick8.gif 80 30 800 100 0.7071067811865476 0.7071067811865476 0.0
actors.BottomWall src/images/brick3.gif 960 16 480 666 0.7071067811865476 0.7071067811865476 0.0
actors.BottomWall src/images/brick3.gif 960 16 480 666 0.7071067811865475 0.7071067811865475 0.0
update
actors.Ball src/images/ball.gif 16 16 178 178 -0.7071067811865476 0.7071067811865476 10.0
actors.Paddle src/images/paddle.gif 80 16 580 600 0.7071067811865476 0.7071067811865476 0.0
actors.Brick src/images/brick3.gif 80 30 300 100 0.7071067811865476 0.7071067811865476 0.0
actors.Brick src/images/brick4.gif 80 30 400 100 0.7071067811865476 0.7071067811865476 0.0
actors.Brick src/images/brick5.gif 80 30 500 100 0.7071067811865476 0.7071067811865476 0.0
actors.Brick src/images/brick6.gif 80 30 600 100 0.7071067811865476 0.7071067811865476 0.0
actors.Brick src/images/brick7.gif 80 30 700 100 0.7071067811865476 0.7071067811865476 0.0
actors.Brick src/images/brick8.gif 80 30 800 100 0.7071067811865476 0.7071067811865476 0.0
actors.BottomWall src/images/brick3.gif 960 16 480 666 0.7071067811865476 0.7071067811865476 0.0
actors.BottomWall src/images/brick3.gif 960 16 480 666 0.7071067811865475 0.7071067811865475 0.0
update
actors.Ball src/images/ball.gif 16 16 170 185 -0.7071067811865476 0.7071067811865476 10.0
actors.Paddle src/images/paddle.gif 80 16 580 600 0.7071067811865476 0.7071067811865476 0.0
actors.Brick src/images/brick3.gif 80 30 300 100 0.7071067811865476 0.7071067811865476 0.0
actors.Brick src/images/brick4.gif 80 30 400 100 0.7071067811865476 0.7071067811865476 0.0
actors.Brick src/images/brick5.gif 80 30 500 100 0.7071067811865476 0.7071067811865476 0.0
actors.Brick src/images/brick6.gif 80 30 600 100 0.7071067811865476 0.7071067811865476 0.0
actors.Brick src/images/brick7.gif 80 30 700 100 0.7071067811865476 0.7071067811865476 0.0
actors.Brick src/images/brick8.gif 80 30 800 100 0.7071067811865476 0.7071067811865476 0.0
actors.BottomWall src/images/brick3.gif 960 16 480 666 0.7071067811865476 0.7071067811865476 0.0
actors.BottomWall src/images/brick3.gif 960 16 480 666 0.7071067811865475 0.7071067811865475 0.0
update
actors.Ball src/images/ball.gif 16 16 162 192 -0.7071067811865476 0.7071067811865476 10.0
actors.Paddle src/images/paddle.gif 80 16 580 600 0.7071067811865476 0.7071067811865476 0.0
actors.Brick src/images/brick3.gif 80 30 300 100 0.7071067811865476 0.7071067811865476 0.0
actors.Brick src/images/brick4.gif 80 30 400 100 0.7071067811865476 0.7071067811865476 0.0
actors.Brick src/images/brick5.gif 80 30 500 100 0.7071067811865476 0.7071067811865476 0.0
actors.Brick src/images/brick6.gif 80 30 600 100 0.7071067811865476 0.7071067811865476 0.0
actors.Brick src/images/brick7.gif 80 30 700 100 0.7071067811865476 0.7071067811865476 0.0
actors.Brick src/images/brick8.gif 80 30 800 100 0.7071067811865476 0.7071067811865476 0.0
actors.BottomWall src/images/brick3.gif 960 16 480 666 0.7071067811865476 0.7071067811865476 0.0
actors.BottomWall src/images/brick3.gif 960 16 480 666 0.7071067811865475 0.7071067811865475 0.0
update
actors.Ball src/images/ball.gif 16 16 154 199 -0.7071067811865476 0.7071067811865476 10.0
actors.Paddle src/images/paddle.gif 80 16 580 600 0.7071067811865476 0.7071067811865476 0.0
actors.Brick src/images/brick3.gif 80 30 300 100 0.7071067811865476 0.7071067811865476 0.0
actors.Brick src/images/brick4.gif 80 30 400 100 0.7071067811865476 0.7071067811865476 0.0
actors.Brick src/images/brick5.gif 80 30 500 100 0.7071067811865476 0.7071067811865476 0.0
actors.Brick src/images/brick6.gif 80 30 600 100 0.7071067811865476 0.7071067811865476 0.0
actors.Brick src/images/brick7.gif 80 30 700 100 0.7071067811865476 0.7071067811865476 0.0
actors.Brick src/images/brick8.gif 80 30 800 100 0.7071067811865476 0.7071067811865476 0.0
actors.BottomWall src/images/brick3.gif 960 16 480 666 0.7071067811865476 0.7071067811865476 0.0
actors.BottomWall src/images/brick3.gif 960 16 480 666 0.7071067811865475 0.7071067811865475 0.0
update
actors.Ball src/images/ball.gif 16 16 146 206 -0.7071067811865476 0.7071067811865476 10.0
actors.Paddle src/images/paddle.gif 80 16 580 600 0.7071067811865476 0.7071067811865476 0.0
actors.Brick src/images/brick3.gif 80 30 300 100 0.7071067811865476 0.7071067811865476 0.0
actors.Brick src/images/brick4.gif 80 30 400 100 0.7071067811865476 0.7071067811865476 0.0
actors.Brick src/images/brick5.gif 80 30 500 100 0.7071067811865476 0.7071067811865476 0.0
actors.Brick src/images/brick6.gif 80 30 600 100 0.7071067811865476 0.7071067811865476 0.0
actors.Brick src/images/brick7.gif 80 30 700 100 0.7071067811865476 0.7071067811865476 0.0
actors.Brick src/images/brick8.gif 80 30 800 100 0.7071067811865476 0.7071067811865476 0.0
actors.BottomWall src/images/brick3.gif 960 16 480 666 0.7071067811865476 0.7071067811865476 0.0
actors.BottomWall src/images/brick3.gif 960 16 480 666 0.7071067811865475 0.7071067811865475 0.0
update
actors.Ball src/images/ball.gif 16 16 138 213 -0.7071067811865476 0.7071067811865476 10.0
actors.Paddle src/images/paddle.gif 80 16 580 600 0.7071067811865476 0.7071067811865476 0.0
actors.Brick src/images/brick3.gif 80 30 300 100 0.7071067811865476 0.7071067811865476 0.0
actors.Brick src/images/brick4.gif 80 30 400 100 0.7071067811865476 0.7071067811865476 0.0
actors.Brick src/images/brick5.gif 80 30 500 100 0.7071067811865476 0.7071067811865476 0.0
actors.Brick src/images/brick6.gif 80 30 600 100 0.7071067811865476 0.7071067811865476 0.0
actors.Brick src/images/brick7.gif 80 30 700 100 0.7071067811865476 0.7071067811865476 0.0
actors.Brick src/images/brick8.gif 80 30 800 100 0.7071067811865476 0.7071067811865476 0.0
actors.BottomWall src/images/brick3.gif 960 16 480 666 0.7071067811865476 0.7071067811865476 0.0
actors.BottomWall src/images/brick3.gif 960 16 480 666 0.7071067811865475 0.7071067811865475 0.0
update
actors.Ball src/images/ball.gif 16 16 130 220 -0.7071067811865476 0.7071067811865476 10.0
actors.Paddle src/images/paddle.gif 80 16 580 600 0.7071067811865476 0.7071067811865476 0.0
actors.Brick src/images/brick3.gif 80 30 300 100 0.7071067811865476 0.7071067811865476 0.0
actors.Brick src/images/brick4.gif 80 30 400 100 0.7071067811865476 0.7071067811865476 0.0
actors.Brick src/images/brick5.gif 80 30 500 100 0.7071067811865476 0.7071067811865476 0.0
actors.Brick src/images/brick6.gif 80 30 600 100 0.7071067811865476 0.7071067811865476 0.0
actors.Brick src/images/brick7.gif 80 30 700 100 0.7071067811865476 0.7071067811865476 0.0
actors.Brick src/images/brick8.gif 80 30 800 100 0.7071067811865476 0.7071067811865476 0.0
actors.BottomWall src/images/brick3.gif 960 16 480 666 0.7071067811865476 0.7071067811865476 0.0
actors.BottomWall src/images/brick3.gif 960 16 480 666 0.7071067811865475 0.7071067811865475 0.0
update
actors.Ball src/images/ball.gif 16 16 122 227 -0.7071067811865476 0.7071067811865476 10.0
actors.Paddle src/images/paddle.gif 80 16 580 600 0.7071067811865476 0.7071067811865476 0.0
actors.Brick src/images/brick3.gif 80 30 300 100 0.7071067811865476 0.7071067811865476 0.0
actors.Brick src/images/brick4.gif 80 30 400 100 0.7071067811865476 0.7071067811865476 0.0
actors.Brick src/images/brick5.gif 80 30 500 100 0.7071067811865476 0.7071067811865476 0.0
actors.Brick src/images/brick6.gif 80 30 600 100 0.7071067811865476 0.7071067811865476 0.0
actors.Brick src/images/brick7.gif 80 30 700 100 0.7071067811865476 0.7071067811865476 0.0
actors.Brick src/images/brick8.gif 80 30 800 100 0.7071067811865476 0.7071067811865476 0.0
actors.BottomWall src/images/brick3.gif 960 16 480 666 0.7071067811865476 0.7071067811865476 0.0
actors.BottomWall src/images/brick3.gif 960 16 480 666 0.7071067811865475 0.7071067811865475 0.0
update
actors.Ball src/images/ball.gif 16 16 114 234 -0.7071067811865476 0.7071067811865476 10.0
actors.Paddle src/images/paddle.gif 80 16 580 600 0.7071067811865476 0.7071067811865476 0.0
actors.Brick src/images/brick3.gif 80 30 300 100 0.7071067811865476 0.7071067811865476 0.0
actors.Brick src/images/brick4.gif 80 30 400 100 0.7071067811865476 0.7071067811865476 0.0
actors.Brick src/images/brick5.gif 80 30 500 100 0.7071067811865476 0.7071067811865476 0.0
actors.Brick src/images/brick6.gif 80 30 600 100 0.7071067811865476 0.7071067811865476 0.0
actors.Brick src/images/brick7.gif 80 30 700 100 0.7071067811865476 0.7071067811865476 0.0
actors.Brick src/images/brick8.gif 80 30 800 100 0.7071067811865476 0.7071067811865476 0.0
actors.BottomWall src/images/brick3.gif 960 16 480 666 0.7071067811865476 0.7071067811865476 0.0
actors.BottomWall src/images/brick3.gif 960 16 480 666 0.7071067811865475 0.7071067811865475 0.0
update
actors.Ball src/images/ball.gif 16 16 106 241 -0.7071067811865476 0.7071067811865476 10.0
actors.Paddle src/images/paddle.gif 80 16 580 600 0.7071067811865476 0.7071067811865476 0.0
actors.Brick src/images/brick3.gif 80 30 300 100 0.7071067811865476 0.7071067811865476 0.0
actors.Brick src/images/brick4.gif 80 30 400 100 0.7071067811865476 0.7071067811865476 0.0
actors.Brick src/images/brick5.gif 80 30 500 100 0.7071067811865476 0.7071067811865476 0.0
actors.Brick src/images/brick6.gif 80 30 600 100 0.7071067811865476 0.7071067811865476 0.0
actors.Brick src/images/brick7.gif 80 30 700 100 0.7071067811865476 0.7071067811865476 0.0
actors.Brick src/images/brick8.gif 80 30 800 100 0.7071067811865476 0.7071067811865476 0.0
actors.BottomWall src/images/brick3.gif 960 16 480 666 0.7071067811865476 0.7071067811865476 0.0
actors.BottomWall src/images/brick3.gif 960 16 480 666 0.7071067811865475 0.7071067811865475 0.0
update
actors.Ball src/images/ball.gif 16 16 98 248 -0.7071067811865476 0.7071067811865476 10.0
actors.Paddle src/images/paddle.gif 80 16 580 600 0.7071067811865476 0.7071067811865476 0.0
actors.Brick src/images/brick3.gif 80 30 300 100 0.7071067811865476 0.7071067811865476 0.0
actors.Brick src/images/brick4.gif 80 30 400 100 0.7071067811865476 0.7071067811865476 0.0
actors.Brick src/images/brick5.gif 80 30 500 100 0.7071067811865476 0.7071067811865476 0.0
actors.Brick src/images/brick6.gif 80 30 600 100 0.7071067811865476 0.7071067811865476 0.0
actors.Brick src/images/brick7.gif 80 30 700 100 0.7071067811865476 0.7071067811865476 0.0
actors.Brick src/images/brick8.gif 80 30 800 100 0.7071067811865476 0.7071067811865476 0.0
actors.BottomWall src/images/brick3.gif 960 16 480 666 0.7071067811865476 0.7071067811865476 0.0
actors.BottomWall src/images/brick3.gif 960 16 480 666 0.7071067811865475 0.7071067811865475 0.0
update
actors.Ball src/images/ball.gif 16 16 90 255 -0.7071067811865476 0.7071067811865476 10.0
actors.Paddle src/images/paddle.gif 80 16 580 600 0.7071067811865476 0.7071067811865476 0.0
actors.Brick src/images/brick3.gif 80 30 300 100 0.7071067811865476 0.7071067811865476 0.0
actors.Brick src/images/brick4.gif 80 30 400 100 0.7071067811865476 0.7071067811865476 0.0
actors.Brick src/images/brick5.gif 80 30 500 100 0.7071067811865476 0.7071067811865476 0.0
actors.Brick src/images/brick6.gif 80 30 600 100 0.7071067811865476 0.7071067811865476 0.0
actors.Brick src/images/brick7.gif 80 30 700 100 0.7071067811865476 0.7071067811865476 0.0
actors.Brick src/images/brick8.gif 80 30 800 100 0.7071067811865476 0.7071067811865476 0.0
actors.BottomWall src/images/brick3.gif 960 16 480 666 0.7071067811865476 0.7071067811865476 0.0
actors.BottomWall src/images/brick3.gif 960 16 480 666 0.7071067811865475 0.7071067811865475 0.0
update
actors.Ball src/images/ball.gif 16 16 82 262 -0.7071067811865476 0.7071067811865476 10.0
actors.Paddle src/images/paddle.gif 80 16 580 600 0.7071067811865476 0.7071067811865476 0.0
actors.Brick src/images/brick3.gif 80 30 300 100 0.7071067811865476 0.7071067811865476 0.0
actors.Brick src/images/brick4.gif 80 30 400 100 0.7071067811865476 0.7071067811865476 0.0
actors.Brick src/images/brick5.gif 80 30 500 100 0.7071067811865476 0.7071067811865476 0.0
actors.Brick src/images/brick6.gif 80 30 600 100 0.7071067811865476 0.7071067811865476 0.0
actors.Brick src/images/brick7.gif 80 30 700 100 0.7071067811865476 0.7071067811865476 0.0
actors.Brick src/images/brick8.gif 80 30 800 100 0.7071067811865476 0.7071067811865476 0.0
actors.BottomWall src/images/brick3.gif 960 16 480 666 0.7071067811865476 0.7071067811865476 0.0
actors.BottomWall src/images/brick3.gif 960 16 480 666 0.7071067811865475 0.7071067811865475 0.0
update
actors.Ball src/images/ball.gif 16 16 74 269 -0.7071067811865476 0.7071067811865476 10.0
actors.Paddle src/images/paddle.gif 80 16 580 600 0.7071067811865476 0.7071067811865476 0.0
actors.Brick src/images/brick3.gif 80 30 300 100 0.7071067811865476 0.7071067811865476 0.0
actors.Brick src/images/brick4.gif 80 30 400 100 0.7071067811865476 0.7071067811865476 0.0
actors.Brick src/images/brick5.gif 80 30 500 100 0.7071067811865476 0.7071067811865476 0.0
actors.Brick src/images/brick6.gif 80 30 600 100 0.7071067811865476 0.7071067811865476 0.0
actors.Brick src/images/brick7.gif 80 30 700 100 0.7071067811865476 0.7071067811865476 0.0
actors.Brick src/images/brick8.gif 80 30 800 100 0.7071067811865476 0.7071067811865476 0.0
actors.BottomWall src/images/brick3.gif 960 16 480 666 0.7071067811865476 0.7071067811865476 0.0
actors.BottomWall src/images/brick3.gif 960 16 480 666 0.7071067811865475 0.7071067811865475 0.0
update
actors.Ball src/images/ball.gif 16 16 66 276 -0.7071067811865476 0.7071067811865476 10.0
actors.Paddle src/images/paddle.gif 80 16 580 600 0.7071067811865476 0.7071067811865476 0.0
actors.Brick src/images/brick3.gif 80 30 300 100 0.7071067811865476 0.7071067811865476 0.0
actors.Brick src/images/brick4.gif 80 30 400 100 0.7071067811865476 0.7071067811865476 0.0
actors.Brick src/images/brick5.gif 80 30 500 100 0.7071067811865476 0.7071067811865476 0.0
actors.Brick src/images/brick6.gif 80 30 600 100 0.7071067811865476 0.7071067811865476 0.0
actors.Brick src/images/brick7.gif 80 30 700 100 0.7071067811865476 0.7071067811865476 0.0
actors.Brick src/images/brick8.gif 80 30 800 100 0.7071067811865476 0.7071067811865476 0.0
actors.BottomWall src/images/brick3.gif 960 16 480 666 0.7071067811865476 0.7071067811865476 0.0
actors.BottomWall src/images/brick3.gif 960 16 480 666 0.7071067811865475 0.7071067811865475 0.0
update
actors.Ball src/images/ball.gif 16 16 58 283 -0.7071067811865476 0.7071067811865476 10.0
actors.Paddle src/images/paddle.gif 80 16 580 600 0.7071067811865476 0.7071067811865476 0.0
actors.Brick src/images/brick3.gif 80 30 300 100 0.7071067811865476 0.7071067811865476 0.0
actors.Brick src/images/brick4.gif 80 30 400 100 0.7071067811865476 0.7071067811865476 0.0
actors.Brick src/images/brick5.gif 80 30 500 100 0.7071067811865476 0.7071067811865476 0.0
actors.Brick src/images/brick6.gif 80 30 600 100 0.7071067811865476 0.7071067811865476 0.0
actors.Brick src/images/brick7.gif 80 30 700 100 0.7071067811865476 0.7071067811865476 0.0
actors.Brick src/images/brick8.gif 80 30 800 100 0.7071067811865476 0.7071067811865476 0.0
actors.BottomWall src/images/brick3.gif 960 16 480 666 0.7071067811865476 0.7071067811865476 0.0
actors.BottomWall src/images/brick3.gif 960 16 480 666 0.7071067811865475 0.7071067811865475 0.0
update
actors.Ball src/images/ball.gif 16 16 50 290 -0.7071067811865476 0.7071067811865476 10.0
actors.Paddle src/images/paddle.gif 80 16 580 600 0.7071067811865476 0.7071067811865476 0.0
actors.Brick src/images/brick3.gif 80 30 300 100 0.7071067811865476 0.7071067811865476 0.0
actors.Brick src/images/brick4.gif 80 30 400 100 0.7071067811865476 0.7071067811865476 0.0
actors.Brick src/images/brick5.gif 80 30 500 100 0.7071067811865476 0.7071067811865476 0.0
actors.Brick src/images/brick6.gif 80 30 600 100 0.7071067811865476 0.7071067811865476 0.0
actors.Brick src/images/brick7.gif 80 30 700 100 0.7071067811865476 0.7071067811865476 0.0
actors.Brick src/images/brick8.gif 80 30 800 100 0.7071067811865476 0.7071067811865476 0.0
actors.BottomWall src/images/brick3.gif 960 16 480 666 0.7071067811865476 0.7071067811865476 0.0
actors.BottomWall src/images/brick3.gif 960 16 480 666 0.7071067811865475 0.7071067811865475 0.0
update
actors.Ball src/images/ball.gif 16 16 42 297 -0.7071067811865476 0.7071067811865476 10.0
actors.Paddle src/images/paddle.gif 80 16 580 600 0.7071067811865476 0.7071067811865476 0.0
actors.Brick src/images/brick3.gif 80 30 300 100 0.7071067811865476 0.7071067811865476 0.0
actors.Brick src/images/brick4.gif 80 30 400 100 0.7071067811865476 0.7071067811865476 0.0
actors.Brick src/images/brick5.gif 80 30 500 100 0.7071067811865476 0.7071067811865476 0.0
actors.Brick src/images/brick6.gif 80 30 600 100 0.7071067811865476 0.7071067811865476 0.0
actors.Brick src/images/brick7.gif 80 30 700 100 0.7071067811865476 0.7071067811865476 0.0
actors.Brick src/images/brick8.gif 80 30 800 100 0.7071067811865476 0.7071067811865476 0.0
actors.BottomWall src/images/brick3.gif 960 16 480 666 0.7071067811865476 0.7071067811865476 0.0
actors.BottomWall src/images/brick3.gif 960 16 480 666 0.7071067811865475 0.7071067811865475 0.0
update
actors.Ball src/images/ball.gif 16 16 34 304 -0.7071067811865476 0.7071067811865476 10.0
actors.Paddle src/images/paddle.gif 80 16 580 600 0.7071067811865476 0.7071067811865476 0.0
actors.Brick src/images/brick3.gif 80 30 300 100 0.7071067811865476 0.7071067811865476 0.0
actors.Brick src/images/brick4.gif 80 30 400 100 0.7071067811865476 0.7071067811865476 0.0
actors.Brick src/images/brick5.gif 80 30 500 100 0.7071067811865476 0.7071067811865476 0.0
actors.Brick src/images/brick6.gif 80 30 600 100 0.7071067811865476 0.7071067811865476 0.0
actors.Brick src/images/brick7.gif 80 30 700 100 0.7071067811865476 0.7071067811865476 0.0
actors.Brick src/images/brick8.gif 80 30 800 100 0.7071067811865476 0.7071067811865476 0.0
actors.BottomWall src/images/brick3.gif 960 16 480 666 0.7071067811865476 0.7071067811865476 0.0
actors.BottomWall src/images/brick3.gif 960 16 480 666 0.7071067811865475 0.7071067811865475 0.0
update
actors.Ball src/images/ball.gif 16 16 26 311 -0.7071067811865476 0.7071067811865476 10.0
actors.Paddle src/images/paddle.gif 80 16 580 600 0.7071067811865476 0.7071067811865476 0.0
actors.Brick src/images/brick3.gif 80 30 300 100 0.7071067811865476 0.7071067811865476 0.0
actors.Brick src/images/brick4.gif 80 30 400 100 0.7071067811865476 0.7071067811865476 0.0
actors.Brick src/images/brick5.gif 80 30 500 100 0.7071067811865476 0.7071067811865476 0.0
actors.Brick src/images/brick6.gif 80 30 600 100 0.7071067811865476 0.7071067811865476 0.0
actors.Brick src/images/brick7.gif 80 30 700 100 0.7071067811865476 0.7071067811865476 0.0
actors.Brick src/images/brick8.gif 80 30 800 100 0.7071067811865476 0.7071067811865476 0.0
actors.BottomWall src/images/brick3.gif 960 16 480 666 0.7071067811865476 0.7071067811865476 0.0
actors.BottomWall src/images/brick3.gif 960 16 480 666 0.7071067811865475 0.7071067811865475 0.0
update
actors.Ball src/images/ball.gif 16 16 18 318 -0.7071067811865476 0.7071067811865476 10.0
actors.Paddle src/images/paddle.gif 80 16 580 600 0.7071067811865476 0.7071067811865476 0.0
actors.Brick src/images/brick3.gif 80 30 300 100 0.7071067811865476 0.7071067811865476 0.0
actors.Brick src/images/brick4.gif 80 30 400 100 0.7071067811865476 0.7071067811865476 0.0
actors.Brick src/images/brick5.gif 80 30 500 100 0.7071067811865476 0.7071067811865476 0.0
actors.Brick src/images/brick6.gif 80 30 600 100 0.7071067811865476 0.7071067811865476 0.0
actors.Brick src/images/brick7.gif 80 30 700 100 0.7071067811865476 0.7071067811865476 0.0
actors.Brick src/images/brick8.gif 80 30 800 100 0.7071067811865476 0.7071067811865476 0.0
actors.BottomWall src/images/brick3.gif 960 16 480 666 0.7071067811865476 0.7071067811865476 0.0
actors.BottomWall src/images/brick3.gif 960 16 480 666 0.7071067811865475 0.7071067811865475 0.0
update
actors.Ball src/images/ball.gif 16 16 17 332 0.7071067811865476 0.7071067811865476 10.0
actors.Paddle src/images/paddle.gif 80 16 580 600 0.7071067811865476 0.7071067811865476 0.0
actors.Brick src/images/brick3.gif 80 30 300 100 0.7071067811865476 0.7071067811865476 0.0
actors.Brick src/images/brick4.gif 80 30 400 100 0.7071067811865476 0.7071067811865476 0.0
actors.Brick src/images/brick5.gif 80 30 500 100 0.7071067811865476 0.7071067811865476 0.0
actors.Brick src/images/brick6.gif 80 30 600 100 0.7071067811865476 0.7071067811865476 0.0
actors.Brick src/images/brick7.gif 80 30 700 100 0.7071067811865476 0.7071067811865476 0.0
actors.Brick src/images/brick8.gif 80 30 800 100 0.7071067811865476 0.7071067811865476 0.0
actors.BottomWall src/images/brick3.gif 960 16 480 666 0.7071067811865476 0.7071067811865476 0.0
actors.BottomWall src/images/brick3.gif 960 16 480 666 0.7071067811865475 0.7071067811865475 0.0
update
actors.Ball src/images/ball.gif 16 16 24 339 0.7071067811865476 0.7071067811865476 10.0
actors.Paddle src/images/paddle.gif 80 16 580 600 0.7071067811865476 0.7071067811865476 0.0
actors.Brick src/images/brick3.gif 80 30 300 100 0.7071067811865476 0.7071067811865476 0.0
actors.Brick src/images/brick4.gif 80 30 400 100 0.7071067811865476 0.7071067811865476 0.0
actors.Brick src/images/brick5.gif 80 30 500 100 0.7071067811865476 0.7071067811865476 0.0
actors.Brick src/images/brick6.gif 80 30 600 100 0.7071067811865476 0.7071067811865476 0.0
actors.Brick src/images/brick7.gif 80 30 700 100 0.7071067811865476 0.7071067811865476 0.0
actors.Brick src/images/brick8.gif 80 30 800 100 0.7071067811865476 0.7071067811865476 0.0
actors.BottomWall src/images/brick3.gif 960 16 480 666 0.7071067811865476 0.7071067811865476 0.0
actors.BottomWall src/images/brick3.gif 960 16 480 666 0.7071067811865475 0.7071067811865475 0.0
update
actors.Ball src/images/ball.gif 16 16 31 346 0.7071067811865476 0.7071067811865476 10.0
actors.Paddle src/images/paddle.gif 80 16 580 600 0.7071067811865476 0.7071067811865476 0.0
actors.Brick src/images/brick3.gif 80 30 300 100 0.7071067811865476 0.7071067811865476 0.0
actors.Brick src/images/brick4.gif 80 30 400 100 0.7071067811865476 0.7071067811865476 0.0
actors.Brick src/images/brick5.gif 80 30 500 100 0.7071067811865476 0.7071067811865476 0.0
actors.Brick src/images/brick6.gif 80 30 600 100 0.7071067811865476 0.7071067811865476 0.0
actors.Brick src/images/brick7.gif 80 30 700 100 0.7071067811865476 0.7071067811865476 0.0
actors.Brick src/images/brick8.gif 80 30 800 100 0.7071067811865476 0.7071067811865476 0.0
actors.BottomWall src/images/brick3.gif 960 16 480 666 0.7071067811865476 0.7071067811865476 0.0
actors.BottomWall src/images/brick3.gif 960 16 480 666 0.7071067811865475 0.7071067811865475 0.0
update
actors.Ball src/images/ball.gif 16 16 38 353 0.7071067811865476 0.7071067811865476 10.0
actors.Paddle src/images/paddle.gif 80 16 580 600 0.7071067811865476 0.7071067811865476 0.0
actors.Brick src/images/brick3.gif 80 30 300 100 0.7071067811865476 0.7071067811865476 0.0
actors.Brick src/images/brick4.gif 80 30 400 100 0.7071067811865476 0.7071067811865476 0.0
actors.Brick src/images/brick5.gif 80 30 500 100 0.7071067811865476 0.7071067811865476 0.0
actors.Brick src/images/brick6.gif 80 30 600 100 0.7071067811865476 0.7071067811865476 0.0
actors.Brick src/images/brick7.gif 80 30 700 100 0.7071067811865476 0.7071067811865476 0.0
actors.Brick src/images/brick8.gif 80 30 800 100 0.7071067811865476 0.7071067811865476 0.0
actors.BottomWall src/images/brick3.gif 960 16 480 666 0.7071067811865476 0.7071067811865476 0.0
actors.BottomWall src/images/brick3.gif 960 16 480 666 0.7071067811865475 0.7071067811865475 0.0
update
actors.Ball src/images/ball.gif 16 16 45 360 0.7071067811865476 0.7071067811865476 10.0
actors.Paddle src/images/paddle.gif 80 16 580 600 0.7071067811865476 0.7071067811865476 0.0
actors.Brick src/images/brick3.gif 80 30 300 100 0.7071067811865476 0.7071067811865476 0.0
actors.Brick src/images/brick4.gif 80 30 400 100 0.7071067811865476 0.7071067811865476 0.0
actors.Brick src/images/brick5.gif 80 30 500 100 0.7071067811865476 0.7071067811865476 0.0
actors.Brick src/images/brick6.gif 80 30 600 100 0.7071067811865476 0.7071067811865476 0.0
actors.Brick src/images/brick7.gif 80 30 700 100 0.7071067811865476 0.7071067811865476 0.0
actors.Brick src/images/brick8.gif 80 30 800 100 0.7071067811865476 0.7071067811865476 0.0
actors.BottomWall src/images/brick3.gif 960 16 480 666 0.7071067811865476 0.7071067811865476 0.0
actors.BottomWall src/images/brick3.gif 960 16 480 666 0.7071067811865475 0.7071067811865475 0.0
update
actors.Ball src/images/ball.gif 16 16 52 367 0.7071067811865476 0.7071067811865476 10.0
actors.Paddle src/images/paddle.gif 80 16 580 600 0.7071067811865476 0.7071067811865476 0.0
actors.Brick src/images/brick3.gif 80 30 300 100 0.7071067811865476 0.7071067811865476 0.0
actors.Brick src/images/brick4.gif 80 30 400 100 0.7071067811865476 0.7071067811865476 0.0
actors.Brick src/images/brick5.gif 80 30 500 100 0.7071067811865476 0.7071067811865476 0.0
actors.Brick src/images/brick6.gif 80 30 600 100 0.7071067811865476 0.7071067811865476 0.0
actors.Brick src/images/brick7.gif 80 30 700 100 0.7071067811865476 0.7071067811865476 0.0
actors.Brick src/images/brick8.gif 80 30 800 100 0.7071067811865476 0.7071067811865476 0.0
actors.BottomWall src/images/brick3.gif 960 16 480 666 0.7071067811865476 0.7071067811865476 0.0
actors.BottomWall src/images/brick3.gif 960 16 480 666 0.7071067811865475 0.7071067811865475 0.0
update
actors.Ball src/images/ball.gif 16 16 59 374 0.7071067811865476 0.7071067811865476 10.0
actors.Paddle src/images/paddle.gif 80 16 580 600 0.7071067811865476 0.7071067811865476 0.0
actors.Brick src/images/brick3.gif 80 30 300 100 0.7071067811865476 0.7071067811865476 0.0
actors.Brick src/images/brick4.gif 80 30 400 100 0.7071067811865476 0.7071067811865476 0.0
actors.Brick src/images/brick5.gif 80 30 500 100 0.7071067811865476 0.7071067811865476 0.0
actors.Brick src/images/brick6.gif 80 30 600 100 0.7071067811865476 0.7071067811865476 0.0
actors.Brick src/images/brick7.gif 80 30 700 100 0.7071067811865476 0.7071067811865476 0.0
actors.Brick src/images/brick8.gif 80 30 800 100 0.7071067811865476 0.7071067811865476 0.0
actors.BottomWall src/images/brick3.gif 960 16 480 666 0.7071067811865476 0.7071067811865476 0.0
actors.BottomWall src/images/brick3.gif 960 16 480 666 0.7071067811865475 0.7071067811865475 0.0
update
actors.Ball src/images/ball.gif 16 16 66 381 0.7071067811865476 0.7071067811865476 10.0
actors.Paddle src/images/paddle.gif 80 16 580 600 0.7071067811865476 0.7071067811865476 0.0
actors.Brick src/images/brick3.gif 80 30 300 100 0.7071067811865476 0.7071067811865476 0.0
actors.Brick src/images/brick4.gif 80 30 400 100 0.7071067811865476 0.7071067811865476 0.0
actors.Brick src/images/brick5.gif 80 30 500 100 0.7071067811865476 0.7071067811865476 0.0
actors.Brick src/images/brick6.gif 80 30 600 100 0.7071067811865476 0.7071067811865476 0.0
actors.Brick src/images/brick7.gif 80 30 700 100 0.7071067811865476 0.7071067811865476 0.0
actors.Brick src/images/brick8.gif 80 30 800 100 0.7071067811865476 0.7071067811865476 0.0
actors.BottomWall src/images/brick3.gif 960 16 480 666 0.7071067811865476 0.7071067811865476 0.0
actors.BottomWall src/images/brick3.gif 960 16 480 666 0.7071067811865475 0.7071067811865475 0.0
update
actors.Ball src/images/ball.gif 16 16 73 388 0.7071067811865476 0.7071067811865476 10.0
actors.Paddle src/images/paddle.gif 80 16 580 600 0.7071067811865476 0.7071067811865476 0.0
actors.Brick src/images/brick3.gif 80 30 300 100 0.7071067811865476 0.7071067811865476 0.0
actors.Brick src/images/brick4.gif 80 30 400 100 0.7071067811865476 0.7071067811865476 0.0
actors.Brick src/images/brick5.gif 80 30 500 100 0.7071067811865476 0.7071067811865476 0.0
actors.Brick src/images/brick6.gif 80 30 600 100 0.7071067811865476 0.7071067811865476 0.0
actors.Brick src/images/brick7.gif 80 30 700 100 0.7071067811865476 0.7071067811865476 0.0
actors.Brick src/images/brick8.gif 80 30 800 100 0.7071067811865476 0.7071067811865476 0.0
actors.BottomWall src/images/brick3.gif 960 16 480 666 0.7071067811865476 0.7071067811865476 0.0
actors.BottomWall src/images/brick3.gif 960 16 480 666 0.7071067811865475 0.7071067811865475 0.0
update
actors.Ball src/images/ball.gif 16 16 80 395 0.7071067811865476 0.7071067811865476 10.0
actors.Paddle src/images/paddle.gif 80 16 580 600 0.7071067811865476 0.7071067811865476 0.0
actors.Brick src/images/brick3.gif 80 30 300 100 0.7071067811865476 0.7071067811865476 0.0
actors.Brick src/images/brick4.gif 80 30 400 100 0.7071067811865476 0.7071067811865476 0.0
actors.Brick src/images/brick5.gif 80 30 500 100 0.7071067811865476 0.7071067811865476 0.0
actors.Brick src/images/brick6.gif 80 30 600 100 0.7071067811865476 0.7071067811865476 0.0
actors.Brick src/images/brick7.gif 80 30 700 100 0.7071067811865476 0.7071067811865476 0.0
actors.Brick src/images/brick8.gif 80 30 800 100 0.7071067811865476 0.7071067811865476 0.0
actors.BottomWall src/images/brick3.gif 960 16 480 666 0.7071067811865476 0.7071067811865476 0.0
actors.BottomWall src/images/brick3.gif 960 16 480 666 0.7071067811865475 0.7071067811865475 0.0
update
actors.Ball src/images/ball.gif 16 16 87 402 0.7071067811865476 0.7071067811865476 10.0
actors.Paddle src/images/paddle.gif 80 16 580 600 0.7071067811865476 0.7071067811865476 0.0
actors.Brick src/images/brick3.gif 80 30 300 100 0.7071067811865476 0.7071067811865476 0.0
actors.Brick src/images/brick4.gif 80 30 400 100 0.7071067811865476 0.7071067811865476 0.0
actors.Brick src/images/brick5.gif 80 30 500 100 0.7071067811865476 0.7071067811865476 0.0
actors.Brick src/images/brick6.gif 80 30 600 100 0.7071067811865476 0.7071067811865476 0.0
actors.Brick src/images/brick7.gif 80 30 700 100 0.7071067811865476 0.7071067811865476 0.0
actors.Brick src/images/brick8.gif 80 30 800 100 0.7071067811865476 0.7071067811865476 0.0
actors.BottomWall src/images/brick3.gif 960 16 480 666 0.7071067811865476 0.7071067811865476 0.0
actors.BottomWall src/images/brick3.gif 960 16 480 666 0.7071067811865475 0.7071067811865475 0.0
update
actors.Ball src/images/ball.gif 16 16 94 409 0.7071067811865476 0.7071067811865476 10.0
actors.Paddle src/images/paddle.gif 80 16 580 600 0.7071067811865476 0.7071067811865476 0.0
actors.Brick src/images/brick3.gif 80 30 300 100 0.7071067811865476 0.7071067811865476 0.0
actors.Brick src/images/brick4.gif 80 30 400 100 0.7071067811865476 0.7071067811865476 0.0
actors.Brick src/images/brick5.gif 80 30 500 100 0.7071067811865476 0.7071067811865476 0.0
actors.Brick src/images/brick6.gif 80 30 600 100 0.7071067811865476 0.7071067811865476 0.0
actors.Brick src/images/brick7.gif 80 30 700 100 0.7071067811865476 0.7071067811865476 0.0
actors.Brick src/images/brick8.gif 80 30 800 100 0.7071067811865476 0.7071067811865476 0.0
actors.BottomWall src/images/brick3.gif 960 16 480 666 0.7071067811865476 0.7071067811865476 0.0
actors.BottomWall src/images/brick3.gif 960 16 480 666 0.7071067811865475 0.7071067811865475 0.0
update
actors.Ball src/images/ball.gif 16 16 101 416 0.7071067811865476 0.7071067811865476 10.0
actors.Paddle src/images/paddle.gif 80 16 580 600 0.7071067811865476 0.7071067811865476 0.0
actors.Brick src/images/brick3.gif 80 30 300 100 0.7071067811865476 0.7071067811865476 0.0
actors.Brick src/images/brick4.gif 80 30 400 100 0.7071067811865476 0.7071067811865476 0.0
actors.Brick src/images/brick5.gif 80 30 500 100 0.7071067811865476 0.7071067811865476 0.0
actors.Brick src/images/brick6.gif 80 30 600 100 0.7071067811865476 0.7071067811865476 0.0
actors.Brick src/images/brick7.gif 80 30 700 100 0.7071067811865476 0.7071067811865476 0.0
actors.Brick src/images/brick8.gif 80 30 800 100 0.7071067811865476 0.7071067811865476 0.0
actors.BottomWall src/images/brick3.gif 960 16 480 666 0.7071067811865476 0.7071067811865476 0.0
actors.BottomWall src/images/brick3.gif 960 16 480 666 0.7071067811865475 0.7071067811865475 0.0
update
actors.Ball src/images/ball.gif 16 16 108 423 0.7071067811865476 0.7071067811865476 10.0
actors.Paddle src/images/paddle.gif 80 16 580 600 0.7071067811865476 0.7071067811865476 0.0
actors.Brick src/images/brick3.gif 80 30 300 100 0.7071067811865476 0.7071067811865476 0.0
actors.Brick src/images/brick4.gif 80 30 400 100 0.7071067811865476 0.7071067811865476 0.0
actors.Brick src/images/brick5.gif 80 30 500 100 0.7071067811865476 0.7071067811865476 0.0
actors.Brick src/images/brick6.gif 80 30 600 100 0.7071067811865476 0.7071067811865476 0.0
actors.Brick src/images/brick7.gif 80 30 700 100 0.7071067811865476 0.7071067811865476 0.0
actors.Brick src/images/brick8.gif 80 30 800 100 0.7071067811865476 0.7071067811865476 0.0
actors.BottomWall src/images/brick3.gif 960 16 480 666 0.7071067811865476 0.7071067811865476 0.0
actors.BottomWall src/images/brick3.gif 960 16 480 666 0.7071067811865475 0.7071067811865475 0.0
update
actors.Ball src/images/ball.gif 16 16 115 430 0.7071067811865476 0.7071067811865476 10.0
actors.Paddle src/images/paddle.gif 80 16 580 600 0.7071067811865476 0.7071067811865476 0.0
actors.Brick src/images/brick3.gif 80 30 300 100 0.7071067811865476 0.7071067811865476 0.0
actors.Brick src/images/brick4.gif 80 30 400 100 0.7071067811865476 0.7071067811865476 0.0
actors.Brick src/images/brick5.gif 80 30 500 100 0.7071067811865476 0.7071067811865476 0.0
actors.Brick src/images/brick6.gif 80 30 600 100 0.7071067811865476 0.7071067811865476 0.0
actors.Brick src/images/brick7.gif 80 30 700 100 0.7071067811865476 0.7071067811865476 0.0
actors.Brick src/images/brick8.gif 80 30 800 100 0.7071067811865476 0.7071067811865476 0.0
actors.BottomWall src/images/brick3.gif 960 16 480 666 0.7071067811865476 0.7071067811865476 0.0
actors.BottomWall src/images/brick3.gif 960 16 480 666 0.7071067811865475 0.7071067811865475 0.0
